p_val	avg_log2FC	pct.1	pct.2	p_val_adj	cluster	gene
4.81461358857081e-147	0.00629465515648442	1	1	2.49396983887968e-144	B	ZNF597-TARGET-GENES
3.8138074569651e-124	0.007776092348107	1	1	1.97555226270792e-121	B	PRMT5-TARGET-GENES
1.33930270620941e-106	0.00652985870909567	1	1	6.93758801816474e-104	B	MAML1-TARGET-GENES
3.28946498644413e-103	0.0135042070673252	0.999	0.998	1.70394286297806e-100	B	HMCES-TARGET-GENES
1.1500287296586e-99	0.0063538498781428	1	1	5.95714881963154e-97	B	PSIP1-TARGET-GENES
6.42783308476368e-95	0.00781614944264469	1	1	3.32961753790759e-92	B	PIAS4-TARGET-GENES
1.47515829939593e-89	0.0024477609045026	1	1	7.64131999087092e-87	B	HMGA1-TARGET-GENES
3.97141713331522e-88	0.00382736653525079	1	1	2.05719407505728e-85	B	POU2AF1-TARGET-GENES
8.2891383435747e-88	0.00245880615159627	1	1	4.29377366197169e-85	B	NFKBIA-TARGET-GENES
1.89161515948499e-86	0.00936635163870836	1	1	9.79856652613224e-84	B	YBX1-TARGET-GENES
3.01651618111322e-84	0.00225940254942819	1	1	1.56255538181665e-81	B	ZSCAN4-TARGET-GENES
8.55992316472814e-84	0.0032837419867901	1	1	4.43404019932918e-81	B	HBZ-TARGET-GENES
9.11326070827297e-82	0.0029258751401145	1	1	4.7206690468854e-79	B	ZNF596-TARGET-GENES
6.21371971863782e-81	0.00310614328669484	1	1	3.21870681425439e-78	B	PRDM5-TARGET-GENES
9.96192074674065e-80	0.00459991384062541	1	1	5.16027494681165e-77	B	TSHZ1-TARGET-GENES
2.49607416911589e-79	0.00263981449412343	1	1	1.29296641960203e-76	B	SOX10-TARGET-GENES
3.74218134726264e-78	0.00540362228033292	1	1	1.93844993788205e-75	B	ZNF746-TARGET-GENES
1.79711778553871e-77	0.00728185417917593	1	1	9.30907012909053e-75	B	PGM3-TARGET-GENES
2.09416312607619e-76	0.00287546962476248	1	1	1.08477649930746e-73	B	ZNF274-TARGET-GENES
1.51500346952281e-75	0.00391868907952625	1	1	7.84771797212816e-73	B	ARID3B-TARGET-GENES
1.17089167924877e-74	0.00482814103477563	1	1	6.06521889850861e-72	B	RAG1-TARGET-GENES
5.63388151904104e-73	0.00518419394190606	1	1	2.91835062686326e-70	B	TERF2-TARGET-GENES
9.08315361828114e-73	0.00340301009689792	1	1	4.70507357426963e-70	B	FOXJ2-TARGET-GENES
9.32701845763171e-70	0.0023486291331804	1	1	4.83139556105323e-67	B	PAX3-TARGET-GENES
5.49686609613012e-69	0.00693404674793563	1	1	2.8473766377954e-66	B	PAX8-TARGET-GENES
1.80271472077053e-68	0.0129861476670484	1	1	9.33806225359133e-66	B	WIZ-TARGET-GENES
3.62520439176718e-67	0.00766361402427174	1	1	1.8778558749354e-64	B	PSMB5-TARGET-GENES
1.46975841972508e-66	0.00382757317664079	1	1	7.6133486141759e-64	B	ZFP28-TARGET-GENES
3.15893542596335e-66	0.00235032334220558	1	1	1.63632855064901e-63	B	ZIM3-TARGET-GENES
7.39164683610108e-64	0.00336255603886071	1	1	3.82887306110036e-61	B	FOXP2-TARGET-GENES
3.87822571386126e-62	0.003185395905758	1	1	2.00892091978013e-59	B	ZNF391-TARGET-GENES
6.36995093718915e-62	0.00509544239652598	1	1	3.29963458546398e-59	B	CHAF1B-TARGET-GENES
1.0373958262377e-61	0.0030786649697937	1	1	5.37371037991126e-59	B	ZNF423-TARGET-GENES
1.26619634826277e-61	0.00333868104429785	1	1	6.55889708400116e-59	B	SKIL-TARGET-GENES
2.50565376860417e-61	0.00401847695733959	1	1	1.29792865213696e-58	B	NOTCH3-TARGET-GENES
3.21155620873787e-60	0.0043694741813578	1	1	1.66358611612622e-57	B	DROSHA-TARGET-GENES
7.7583979991299e-60	0.00288856556581601	1	1	4.01885016354929e-57	B	ZNF558-TARGET-GENES
9.98713369543771e-60	0.00540777702054074	1	1	5.17333525423674e-57	B	ZBTB5-TARGET-GENES
2.10991468206409e-59	0.00230153856384985	1	1	1.0929358053092e-56	B	SRSF9-TARGET-GENES
1.95336052478029e-58	0.00307420927977753	1	1	1.01184075183619e-55	B	NFXL1-TARGET-GENES
2.26432469996482e-58	0.00659316745844829	1	1	1.17292019458178e-55	B	CTR9-TARGET-GENES
2.33878424305205e-58	0.00360260467257106	1	1	1.21149023790096e-55	B	ARID5B-TARGET-GENES
1.05124597726262e-56	0.00291168468566544	1	1	5.44545416222038e-54	B	ZNF513-TARGET-GENES
1.17019453460863e-56	0.00197594229826609	1	1	6.06160768927273e-54	B	FOXH1-TARGET-GENES
8.16014501256326e-56	0.00409433799210773	1	1	4.22695511650777e-53	B	ZNF410-TARGET-GENES
1.82290899674009e-55	0.00402364853784953	1	1	9.44266860311364e-53	B	WRNIP1-TARGET-GENES
3.55808326172273e-55	0.00609176788138294	1	1	1.84308712957238e-52	B	ZNF777-TARGET-GENES
3.798265591568e-55	0.00526901988195577	1	1	1.96750157643222e-52	B	SETD7-TARGET-GENES
7.76541384679574e-55	0.00953273986552378	1	1	4.02248437264019e-52	B	MAPK3-TARGET-GENES
8.72089637976777e-55	0.0156771973091835	1	1	4.51742432471971e-52	B	MDM2-TARGET-GENES
1.07444599873067e-54	0.00624073045906576	1	1	5.56563027342485e-52	B	ATOH8-TARGET-GENES
1.36193850736384e-53	0.00261587971062366	1	1	7.0548414681447e-51	B	SMN1-SMN2-TARGET-GENES
8.97820533296903e-53	0.00256385966552514	1	1	4.65071036247796e-50	B	MYOCD-TARGET-GENES
9.37345639310764e-53	0.00268368493073562	1	1	4.85545041162975e-50	B	EBNA1BP2-TARGET-GENES
1.69704631546165e-52	0.00320056467738489	1	1	8.79069991409136e-50	B	ZNF740-TARGET-GENES
2.55058113295811e-52	0.00324592970675869	1	1	1.3212010268723e-49	B	CSHL1-TARGET-GENES
7.58747210812026e-52	0.00357079583388076	1	1	3.9303105520063e-49	B	SRPK2-TARGET-GENES
7.63148065194347e-52	0.00238716389407345	1	1	3.95310697770672e-49	B	ZFP91-TARGET-GENES
3.01798979075967e-51	0.00353482400256677	1	1	1.56331871161351e-48	B	ZNF318-TARGET-GENES
7.51474946606431e-51	0.00350044600274074	1	1	3.89264022342131e-48	B	PRKDC-TARGET-GENES
3.10274681835135e-50	0.00331765493638797	1	1	1.607222851906e-47	B	ZNF585B-TARGET-GENES
2.03635178568721e-49	0.00735370246911327	1	1	1.05483022498598e-46	B	ZNF454-TARGET-GENES
6.11185111231155e-49	0.0021025904149527	1	1	3.16593887617738e-46	B	GCM2-TARGET-GENES
2.06588324405968e-47	0.00264277035137783	1	1	1.07012752042292e-44	B	MZF1-TARGET-GENES
3.47334653317469e-47	0.00773138206125723	1	1	1.79919350418449e-44	B	CDH4-TARGET-GENES
4.66471826894839e-47	0.00271664437027169	1	1	2.41632406331526e-44	B	ZNF768-TARGET-GENES
1.32502579352653e-46	0.00290023098093234	1	1	6.86363361046741e-44	B	ZSCAN5C-TARGET-GENES
1.80990916943606e-46	0.00550985873842358	1	1	9.37532949767878e-44	B	ZNF560-TARGET-GENES
4.13387600798543e-46	0.00801502667338003	1	1	2.14134777213645e-43	B	RPA1-TARGET-GENES
4.18583739544627e-46	0.00426452573631508	1	1	2.16826377084117e-43	B	HOXC13-TARGET-GENES
5.10318542590406e-46	0.00520456550417214	1	1	2.6434500506183e-43	B	RBM15-TARGET-GENES
1.61160205195376e-45	0.00389572138661326	1	1	8.34809862912046e-43	B	DNMT3A-TARGET-GENES
5.09847451663345e-45	0.00236829945462746	1	1	2.64100979961613e-42	B	HAND1-TARGET-GENES
1.85180704189165e-44	0.00226896473049976	1	1	9.59236047699873e-42	B	ZNF664-TARGET-GENES
5.96067891984074e-44	0.0035125746688176	1	1	3.0876316804775e-41	B	KDM7A-TARGET-GENES
6.31733627162207e-44	0.00452213723359252	1	1	3.27238018870023e-41	B	GTF2A2-TARGET-GENES
4.08128605734832e-43	0.00187063078097444	1	1	2.11410617770643e-40	B	ZSCAN30-TARGET-GENES
8.119148087614e-43	0.00335973730714445	1	1	4.20571870938405e-40	B	FOXE1-TARGET-GENES
8.3411359131171e-43	0.00419191745589353	1	1	4.32070840299466e-40	B	MYBL1-TARGET-GENES
8.96214154379104e-43	0.0030726913672392	1	1	4.64238931968376e-40	B	CREB3-TARGET-GENES
6.11003303206192e-42	0.00340205571301533	1	1	3.16499711060807e-39	B	NAB2-TARGET-GENES
8.19805818146986e-42	0.00348348955813649	1	1	4.24659413800139e-39	B	COBLL1-TARGET-GENES
1.03835905804786e-41	0.00227981039767672	1	1	5.37869992068791e-39	B	ZNF10-TARGET-GENES
3.07930830661157e-41	0.00409848840461718	1	1	1.59508170282479e-38	B	KDM1B-TARGET-GENES
3.71334036215611e-41	0.00583325326633827	1	1	1.92351030759686e-38	B	ZNF510-TARGET-GENES
7.86948121594264e-41	0.0025894568584694	1	1	4.07639126985829e-38	B	SOX3-TARGET-GENES
1.96349624613608e-40	0.00365337088397211	1	1	1.01709105549849e-37	B	EMX1-TARGET-GENES
2.11444382592632e-40	0.00228523326568236	1	1	1.09528190182984e-37	B	PRDM4-TARGET-GENES
2.64796822668727e-40	0.0121696258968852	1	1	1.37164754142401e-37	B	STN1-TARGET-GENES
2.89192434326148e-40	0.00301787696161643	1	1	1.49801680980945e-37	B	CDC5L-TARGET-GENES
1.596846657115e-39	0.0023286136632738	1	1	8.27166568385567e-37	B	ZNF2-TARGET-GENES
5.06412239938384e-39	0.00403167510143443	1	1	2.62321540288083e-36	B	CIITA-TARGET-GENES
7.33921045784846e-39	0.00253212897534022	1	1	3.8017110171655e-36	B	AHRR-TARGET-GENES
8.50635713701756e-39	0.0026532395526338	1	1	4.4062929969751e-36	B	PAX7-TARGET-GENES
1.25156371234276e-38	0.00314736698437446	1	1	6.48310002993551e-36	B	ZNF708-TARGET-GENES
2.01775193447921e-38	0.00301133280345817	1	1	1.04519550206023e-35	B	TERF1-TARGET-GENES
2.25897297336898e-38	0.00254362989915918	1	1	1.17014800020513e-35	B	ZNF140-TARGET-GENES
2.40391131213517e-38	0.00190043724928757	1	1	1.24522605968602e-35	B	CHAMP1-TARGET-GENES
1.07717725983247e-37	0.00377404231199985	1	1	5.57977820593218e-35	B	ZNF582-TARGET-GENES
1.14513943985622e-37	0.00672872512161199	1	1	5.9318222984552e-35	B	ZMYND11-TARGET-GENES
1.19027789976085e-37	0.00292443419233668	1	1	6.16563952076122e-35	B	SNAI1-TARGET-GENES
3.56327669344879e-37	0.00275536870537252	1	1	1.84577732720647e-34	B	MEF2C-TARGET-GENES
7.19446656878519e-37	0.00488407482501374	1	1	3.72673368263073e-34	B	UBE2I-TARGET-GENES
7.49301367743271e-37	0.00275441698809692	1	1	3.88138108491015e-34	B	ZNF175-TARGET-GENES
1.49720461090372e-36	0.00100931969271906	1	1	7.75551988448128e-34	B	IGLV5-37-TARGET-GENES
2.15015917162458e-36	0.00230319627895748	1	1	1.11378245090153e-33	B	TAZ-TARGET-GENES
2.38850315181653e-36	0.00365828177785277	1	1	1.23724463264096e-33	B	TASOR-TARGET-GENES
5.79153534341942e-36	0.00122052683969459	1	1	3.00001530789126e-33	B	ZNF618-TARGET-GENES
1.059322480153e-35	0.00235461231404721	1	1	5.48729044719253e-33	B	ZNF528-TARGET-GENES
2.12408873574148e-35	0.00574977216120715	1	1	1.10027796511409e-32	B	DICER1-TARGET-GENES
2.17756633815604e-35	0.00232907837088026	1	1	1.12797936316483e-32	B	ZNF843-TARGET-GENES
3.541875321025e-35	0.00362037851330599	1	1	1.83469141629095e-32	B	JDP2-TARGET-GENES
3.594038751362e-35	0.00160194414818066	1	1	1.86171207320552e-32	B	SIX1-TARGET-GENES
3.67039562504738e-35	0.00234859070344795	1	1	1.90126493377454e-32	B	BPTF-TARGET-GENES
5.65330929774817e-35	0.00272248289190391	1	1	2.92841421623355e-32	B	ZNF579-TARGET-GENES
1.34821032293692e-34	0.00241338593237805	1	1	6.98372947281325e-32	B	ZNF184-TARGET-GENES
2.3478266485659e-34	0.00412216930566145	1	1	1.21617420395714e-31	B	ZNF555-TARGET-GENES
4.58806743846607e-34	0.00314314008081951	1	1	2.37661893312542e-31	B	PRDM12-TARGET-GENES
4.69451672822614e-34	0.00471974894990337	1	1	2.43175966522114e-31	B	VRTN-TARGET-GENES
5.13029618925186e-34	0.00320283233187757	1	1	2.65749342603246e-31	B	NPM1-TARGET-GENES
5.76128679352002e-34	0.00298244959839761	1	1	2.98434655904337e-31	B	H1-6-TARGET-GENES
7.24783973819389e-34	0.00255302950397873	1	1	3.75438098438443e-31	B	OVOL3-TARGET-GENES
9.52111084348117e-34	0.00444284728139016	1	1	4.93193541692324e-31	B	SMARCA1-TARGET-GENES
1.76986960425361e-32	0.00245690876267579	1	1	9.16792455003371e-30	B	ZNF282-TARGET-GENES
1.77341971314606e-32	0.00205621364088809	1	1	9.18631411409661e-30	B	ZNF134-TARGET-GENES
2.01515802652128e-32	0.00256674314153404	1	1	1.04385185773802e-29	B	ZNF213-TARGET-GENES
2.71401004301444e-32	0.0022842584231289	1	1	1.40585720228148e-29	B	SUPT16H-TARGET-GENES
2.88584019773442e-32	0.00248584389889839	1	1	1.49486522242643e-29	B	ZBTB12-TARGET-GENES
4.54072972442819e-32	0.00305445441048435	1	1	2.3520979972538e-29	B	ZZZ3-TARGET-GENES
4.58614970454696e-32	0.00740866973614041	1	1	2.37562554695533e-29	B	NKX2-8-TARGET-GENES
1.93049267026881e-31	0.00421739924572604	0.75	0.637	9.99995203199242e-29	B	RARB-TARGET-GENES
3.50781415928172e-31	0.00156017137314968	1	1	1.81704773450793e-28	B	HMGB1-TARGET-GENES
4.82152741321838e-31	0.00254652899191271	1	1	2.49755120004712e-28	B	SALL4-TARGET-GENES
4.91617890306814e-31	0.00339655217545765	1	1	2.5465806717893e-28	B	ZNF236-TARGET-GENES
6.08726397206244e-31	0.0027642638153782	1	1	3.15320273752835e-28	B	ZNF592-TARGET-GENES
1.34052042345293e-30	0.00233129040946012	1	1	6.94389579348615e-28	B	HMBOX1-TARGET-GENES
1.86384706418858e-30	0.00281130611329589	1	1	9.65472779249684e-28	B	ZNF781-TARGET-GENES
1.90991319697476e-30	0.00248272577096076	1	1	9.89335036032928e-28	B	AUTS2-TARGET-GENES
3.85180911877505e-30	0.00442786043240334	1	1	1.99523712352547e-27	B	CENPT-TARGET-GENES
4.56505691606422e-30	0.00286337877398374	1	1	2.36469948252127e-27	B	ZNF202-TARGET-GENES
1.45453821656291e-29	0.00464047012288132	1	1	7.53450796179587e-27	B	TFCP2-TARGET-GENES
1.84779609927013e-29	0.0045150524224214	1	1	9.57158379421929e-27	B	PCGF6-TARGET-GENES
2.6971466670272e-29	0.00188962002372262	1	1	1.39712197352009e-26	B	UBN1-TARGET-GENES
3.48575587843868e-29	0.00198148036112816	1	1	1.80562154503123e-26	B	GLI1-TARGET-GENES
1.11574254933972e-28	0.00876118570519613	1	1	5.77954640557973e-26	B	ZNF837-TARGET-GENES
1.79166197572704e-28	0.00284416174933655	1	1	9.28080903426606e-26	B	TFEB-TARGET-GENES
2.57945306092514e-28	0.00210115118452103	1	1	1.33615668555922e-25	B	ZSCAN21-TARGET-GENES
3.01451290473397e-28	0.00271654511131669	1	1	1.5615176846522e-25	B	PHB2-TARGET-GENES
3.11499089196166e-28	0.00227915365841658	1	1	1.61356528203614e-25	B	ZNF8-TARGET-GENES
3.42997491165546e-28	0.00467108661266014	1	1	1.77672700423753e-25	B	RBL1-TARGET-GENES
3.90217275293062e-28	0.00317878224396867	1	1	2.02132548601806e-25	B	NR1D1-TARGET-GENES
7.51668306983254e-28	0.00332786920099543	1	1	3.89364183017326e-25	B	GTF2E2-TARGET-GENES
8.92302589234693e-28	0.00647385848430826	1	1	4.62212741223571e-25	B	DPPA3-TARGET-GENES
1.21808858191014e-27	0.00144007500387389	1	1	6.30969885429454e-25	B	ZNF563-TARGET-GENES
1.27360982483542e-27	0.00233308052471748	1	1	6.5972988926475e-25	B	INSM2-TARGET-GENES
1.65662325377419e-27	0.00469637246192911	1	1	8.58130845455031e-25	B	ZNF502-TARGET-GENES
2.03780823860591e-27	0.00166298621268918	1	1	1.05558466759786e-24	B	CC2D1A-TARGET-GENES
2.99724864830021e-27	0.00189611694257336	1	1	1.55257479981951e-24	B	HES2-TARGET-GENES
3.70834201951467e-27	0.00328731706151975	1	1	1.9209211661086e-24	B	SNAPC4-TARGET-GENES
4.11575022387579e-27	0.00133783209363386	1	1	2.13195861596766e-24	B	RYBP-TARGET-GENES
4.22833362874521e-27	0.00256638625743971	1	1	2.19027681969002e-24	B	ZNF33A-TARGET-GENES
4.46979585137319e-27	0.00346449715242825	1	1	2.31535425101131e-24	B	KAT5-TARGET-GENES
4.59086272720632e-27	0.00191160359430131	1	1	2.37806689269287e-24	B	CBX7-TARGET-GENES
7.04833985804714e-27	0.00359140462674068	1	1	3.65104004646842e-24	B	TERT-TARGET-GENES
7.37553379780576e-27	0.00162501598017262	1	1	3.82052650726338e-24	B	FOXN3-TARGET-GENES
1.44484138965505e-26	0.00142390322914276	1	1	7.48427839841314e-24	B	ZNF549-TARGET-GENES
1.65626967782326e-26	0.00348995643876632	1	1	8.57947693112449e-24	B	ARHGAP35-TARGET-GENES
2.022719466004e-26	0.00230036409080381	1	1	1.04776868339007e-23	B	ID1-TARGET-GENES
2.32001874566611e-26	0.00174887105710791	1	1	1.20176971025505e-23	B	MAFG-TARGET-GENES
2.54381489988478e-26	0.00247566571574076	1	1	1.31769611814032e-23	B	ZNF589-TARGET-GENES
3.19732298211011e-26	0.00961525619143033	1	1	1.65621330473304e-23	B	EGFR-TARGET-GENES
4.64706832172793e-26	0.00195458521673808	1	1	2.40718139065507e-23	B	GREB1-TARGET-GENES
5.79178251796845e-26	0.00295349488008156	1	1	3.00014334430765e-23	B	PHF2-TARGET-GENES
1.1176289093233e-25	0.00430797434057839	1	1	5.7893177502947e-23	B	ZNF169-TARGET-GENES
1.51019551346741e-25	0.00195249135980902	1	1	7.82281275976119e-23	B	ZSCAN29-TARGET-GENES
1.73310932940664e-25	0.00179200256291284	1	1	8.97750632632639e-23	B	ZNF362-TARGET-GENES
5.24730925805801e-25	0.00317077044977299	1	1	2.71810619567405e-22	B	HSF2-TARGET-GENES
6.88349372411076e-25	0.00353294465347481	1	1	3.56564974908938e-22	B	ZNF426-TARGET-GENES
7.93615307959068e-25	0.00138056428836519	1	1	4.11092729522797e-22	B	ZNF449-TARGET-GENES
1.0190228815058e-24	0.0034348241712418	1	1	5.27853852620003e-22	B	SETBP1-TARGET-GENES
3.47089083461764e-24	0.00268711249213704	1	1	1.79792145233193e-21	B	RBM34-TARGET-GENES
5.99823978199172e-24	0.00256474703208825	1	1	3.10708820707171e-21	B	CIC-TARGET-GENES
2.06789999308336e-23	0.00189372065367199	1	1	1.07117219641718e-20	B	SRCAP-TARGET-GENES
2.27644010108691e-23	0.00184691313949803	1	1	1.17919597236302e-20	B	MSX1-TARGET-GENES
2.83105452388449e-23	0.00199269950571235	1	1	1.46648624337217e-20	B	ZBTB7B-TARGET-GENES
3.15995390319003e-23	0.00180377085215427	1	1	1.63685612185243e-20	B	ZNF512B-TARGET-GENES
5.41379314584873e-23	0.00299969573452624	1	1	2.80434484954964e-20	B	ZNF507-TARGET-GENES
6.19791527407343e-23	0.0022162479737553	1	1	3.21052011197004e-20	B	FEV-TARGET-GENES
6.35230045685317e-23	0.0021780031833174	1	1	3.29049163664994e-20	B	MEF2D-TARGET-GENES
7.6760027995624e-23	0.00240015785960579	1	1	3.97616945017332e-20	B	AEBP2-TARGET-GENES
8.26807121277604e-23	0.00176330911620232	1	1	4.28286088821799e-20	B	ZNF224-TARGET-GENES
9.1476055981391e-23	0.00205366116784045	1	1	4.73845969983605e-20	B	PHF21A-TARGET-GENES
9.20459633482952e-23	0.0019011824342971	1	1	4.76798090144169e-20	B	ZNF816-TARGET-GENES
1.48677898151809e-22	0.0015027505859691	1	1	7.70151512426371e-20	B	ZNF680-TARGET-GENES
2.41577142065629e-22	0.00175506807859727	1	1	1.25136959589996e-19	B	ZNF524-TARGET-GENES
4.02687461720943e-22	0.00211777529772078	1	1	2.08592105171448e-19	B	BCL6B-TARGET-GENES
5.07049177909278e-22	0.0183010425954958	1	1	2.62651474157006e-19	B	RBM17-TARGET-GENES
8.46482640162509e-22	0.00195934412960064	1	1	4.3847800760418e-19	B	CBFA2T2-TARGET-GENES
9.9289855761361e-22	0.00257676988503142	1	1	5.1432145284385e-19	B	HDGF-TARGET-GENES
1.05035654985569e-21	0.00210468576581696	1	1	5.44084692825246e-19	B	IRF5-TARGET-GENES
3.57985059201582e-21	0.00199749623590895	1	1	1.8543626066642e-18	B	ZNF85-TARGET-GENES
3.88637018934237e-21	0.00206261416140696	1	1	2.01313975807935e-18	B	NR0B1-TARGET-GENES
5.41910072563054e-21	0.00182210709868907	1	1	2.80709417587662e-18	B	BDP1-TARGET-GENES
9.26982012035632e-21	0.00201924028024797	1	1	4.80176682234457e-18	B	ZNF350-TARGET-GENES
1.50799775713701e-20	0.00207098638280351	1	1	7.81142838196973e-18	B	BRCA2-TARGET-GENES
2.39311055266139e-20	0.00219293293338585	1	1	1.2396312662786e-17	B	SUMO1-TARGET-GENES
2.50727557271874e-20	0.00187945676983142	1	1	1.29876874666831e-17	B	ZBTB18-TARGET-GENES
2.68897237262303e-20	0.00170814350279441	1	1	1.39288768901873e-17	B	ZNF7-TARGET-GENES
2.80096009074011e-20	0.00181851812011607	1	1	1.45089732700338e-17	B	ZNF610-TARGET-GENES
2.94967669035784e-20	0.00215066998210278	1	1	1.52793252560536e-17	B	BANP-TARGET-GENES
3.38526778952694e-20	0.00326575735427626	1	1	1.75356871497496e-17	B	RUVBL1-TARGET-GENES
4.49551716890409e-20	0.00117668354884459	1	1	2.32867789349232e-17	B	MIER1-TARGET-GENES
7.18646132656551e-20	0.00217022262615757	1	1	3.72258696716094e-17	B	FOXG1-TARGET-GENES
1.19821546774286e-19	0.00219260494139911	1	1	6.20675612290802e-17	B	EWSR1-TARGET-GENES
2.28755189356918e-19	0.00197955627350632	1	1	1.18495188086883e-16	B	HOXA1-TARGET-GENES
2.47451803256459e-19	0.00193539471628051	1	1	1.28180034086846e-16	B	PTPRA-TARGET-GENES
5.73482334599587e-19	0.00211299596525327	1	1	2.97063849322586e-16	B	ATF6-TARGET-GENES
5.97466825831735e-19	0.00250195739136205	1	1	3.09487815780839e-16	B	DBP-TARGET-GENES
7.5772610414429e-19	0.0036174081967317	1	1	3.92502121946742e-16	B	ZNF354A-TARGET-GENES
7.58068447879857e-19	0.0011267628135489	1	1	3.92679456001766e-16	B	PCGF2-TARGET-GENES
9.16181018438362e-19	0.0020073047914404	1	1	4.74581767551071e-16	B	CUX1-TARGET-GENES
9.1755790836734e-19	0.00268139776638679	1	1	4.75294996534282e-16	B	ZNF697-TARGET-GENES
9.53128990201887e-19	0.00227980004158251	1	1	4.93720816924578e-16	B	KLF7-TARGET-GENES
1.10811060219319e-18	0.00218128411433771	1	1	5.74001291936075e-16	B	GLI3-TARGET-GENES
1.16158639246709e-18	0.00206572874144234	1	1	6.01701751297952e-16	B	HOXC6-TARGET-GENES
1.22199019509704e-18	0.0031724770234588	1	1	6.32990921060267e-16	B	ZNF622-TARGET-GENES
1.22418645276023e-18	0.0019938109144807	1	1	6.34128582529799e-16	B	ZBTB44-TARGET-GENES
1.44139903773227e-18	0.00180688065437418	1	1	7.46644701545316e-16	B	NCOA6-TARGET-GENES
1.61241826614631e-18	0.00439326929225303	1	1	8.35232661863786e-16	B	EPC1-TARGET-GENES
1.61642870427281e-18	0.0131451818383122	1	1	8.37310068813315e-16	B	SOX15-TARGET-GENES
2.18619806527627e-18	0.00200453313244442	1	1	1.13245059781311e-15	B	HMGB2-TARGET-GENES
2.37998202964124e-18	0.00181045614597958	1	1	1.23283069135416e-15	B	ZNF146-TARGET-GENES
2.62809552445883e-18	0.00275328211526332	1	1	1.36135348166967e-15	B	ZNF433-TARGET-GENES
2.81205056076853e-18	0.00206450069989816	1	1	1.4566421904781e-15	B	FOXD2-TARGET-GENES
3.3433838677079e-18	0.0017296211876805	1	1	1.73187284347269e-15	B	ZNF547-TARGET-GENES
4.73611915406832e-18	0.00124041248799528	1	1	2.45330972180739e-15	B	LMTK3-TARGET-GENES
4.94683856626457e-18	0.00201339444293014	1	1	2.56246237732505e-15	B	SRPK1-TARGET-GENES
5.52579082478336e-18	0.00160197352776187	1	1	2.86235964723778e-15	B	KDM5D-TARGET-GENES
5.70993480947888e-18	0.0016090386708138	1	1	2.95774623131006e-15	B	ID2-TARGET-GENES
6.47860882403556e-18	0.00244718527009824	1	1	3.35591937085042e-15	B	NCOA4-TARGET-GENES
9.02134311219704e-18	0.00350843347354224	1	1	4.67305573211807e-15	B	ZA-UNIPROT-Q9UM89-UNREVIEWED-TARGET-GENES
1.60682998320468e-17	0.00196716062201197	1	1	8.32337931300026e-15	B	ZNF584-TARGET-GENES
2.18797297435628e-17	0.00265320359360166	1	1	1.13337000071655e-14	B	ATXN7L3-TARGET-GENES
3.38628426715026e-17	0.000684077015424778	1	1	1.75409525038384e-14	B	F10-TARGET-GENES
3.91623738813523e-17	0.00151660460104797	1	1	2.02861096705405e-14	B	SFMBT1-TARGET-GENES
9.60991347955615e-17	0.00167017635085964	1	1	4.97793518241008e-14	B	ZNF711-TARGET-GENES
9.97885026956015e-17	0.00185024195752043	1	1	5.16904443963216e-14	B	ZNF561-TARGET-GENES
1.69711494535308e-16	0.00188574806763664	1	1	8.79105541692895e-14	B	MORC2-TARGET-GENES
2.53318578246835e-16	0.00308793247128797	1	1	1.31219023531861e-13	B	ADNP-TARGET-GENES
2.88962655663462e-16	0.00139779568546838	1	1	1.49682655633673e-13	B	CBX5-TARGET-GENES
3.31990096572629e-16	0.00183120303410012	1	1	1.71970870024622e-13	B	TBX3-TARGET-GENES
3.37380170594626e-16	0.0017204640116163	1	1	1.74762928368016e-13	B	NUP153-TARGET-GENES
4.11805110261057e-16	0.00277392739885518	1	1	2.13315047115228e-13	B	GUCY1B1-TARGET-GENES
5.82324604785234e-16	0.00375470627787278	1	1	3.01644145278751e-13	B	SOX11-TARGET-GENES
1.10877758217614e-15	0.00148290582841393	1	1	5.74346787567243e-13	B	E2F2-TARGET-GENES
1.6813593318667e-15	0.00112922784060199	1	1	8.70944133906952e-13	B	PCGF1-TARGET-GENES
2.54644157299661e-15	0.00199039997581657	1	1	1.31905673481225e-12	B	KAT2A-TARGET-GENES
2.67390296858452e-15	0.00150458958966421	1	1	1.38508173772678e-12	B	ZNF322-TARGET-GENES
3.47384899989095e-15	0.0020179856396223	1	1	1.79945378194351e-12	B	TEAD2-TARGET-GENES
3.70433204889269e-15	0.0026643899238476	1	1	1.91884400132641e-12	B	ZNF418-TARGET-GENES
4.80881429546855e-15	0.00144556021685011	1	1	2.49096580505271e-12	B	ZNF577-TARGET-GENES
6.43120039831077e-15	0.00497800022361577	1	1	3.33136180632498e-12	B	SIGMAR1-TARGET-GENES
6.77473457305683e-15	0.00189125208159524	1	1	3.50931250884344e-12	B	IRX2-TARGET-GENES
7.42186969086672e-15	0.00171670360265952	1	1	3.84452849986896e-12	B	CREB3L4-TARGET-GENES
7.57251172413179e-15	0.00417911848684399	1	1	3.92256107310027e-12	B	ZNF239-TARGET-GENES
9.02478609739974e-15	0.00215930440499279	1	1	4.67483919845307e-12	B	NFRKB-TARGET-GENES
9.36803653584609e-15	0.00282815285939342	1	1	4.85264292556827e-12	B	IRX3-TARGET-GENES
1.21217932601834e-14	0.000950525610231179	1	1	6.27908890877498e-12	B	ISL1-TARGET-GENES
1.28512565703855e-14	0.00221215214492265	1	1	6.65695090345968e-12	B	ARNT2-TARGET-GENES
1.34485854177013e-14	0.00181376629042057	1	1	6.96636724636926e-12	B	HDAC4-TARGET-GENES
1.47263609136157e-14	0.00358521697306186	1	1	7.62825495325293e-12	B	PER1-TARGET-GENES
1.55227398234654e-14	0.0025923372413833	1	1	8.04077922855509e-12	B	ZNF165-TARGET-GENES
1.6710449894323e-14	0.00189089076456972	1	1	8.65601304525929e-12	B	UBP1-TARGET-GENES
2.13381086517193e-14	0.00112760199477996	1	1	1.10531402815906e-11	B	RLF-TARGET-GENES
2.205583806798e-14	0.00197570857699603	1	1	1.14249241192137e-11	B	ZNF830-TARGET-GENES
2.29063429803018e-14	0.00355231469034833	1	1	1.18654856637963e-11	B	CDX1-TARGET-GENES
2.58076554041216e-14	0.00152405187938187	1	1	1.3368365499335e-11	B	METTL14-TARGET-GENES
2.58277740958886e-14	0.0032325667064404	1	1	1.33787869816703e-11	B	TBX1-TARGET-GENES
2.70401437343419e-14	0.00165116483698263	1	1	1.40067944543891e-11	B	PITX1-TARGET-GENES
3.26884169854915e-14	0.0009566410408125	1	1	1.69325999984846e-11	B	IRF9-TARGET-GENES
5.00467492675931e-14	0.00228223411221934	1	1	2.59242161206132e-11	B	CDC73-TARGET-GENES
5.84710179806103e-14	0.00171066938708331	1	1	3.02879873139562e-11	B	BARX2-TARGET-GENES
7.38678248113826e-14	0.00189036593366726	1	1	3.82635332522962e-11	B	SAFB2-TARGET-GENES
8.42964782852936e-14	0.00280149410066072	1	1	4.36655757517821e-11	B	ZSCAN23-TARGET-GENES
8.56087478540633e-14	0.00099391142013952	1	1	4.43453313884048e-11	B	ZNF486-TARGET-GENES
9.10538880387811e-14	0.00276553412169306	1	1	4.71659140040886e-11	B	THRA-TARGET-GENES
1.23388689409261e-13	0.00157926537172726	1	1	6.39153411139971e-11	B	ZFP3-TARGET-GENES
1.92230778629967e-13	0.00399885142881456	1	1	9.95755433303227e-11	B	NR5A1-TARGET-GENES
2.49943708093172e-13	0.00179052278666481	1	1	1.29470840792263e-10	B	NKX2-3-TARGET-GENES
2.70894020852031e-13	0.00167774338688254	1	1	1.40323102801352e-10	B	BARHL1-TARGET-GENES
3.18100349465029e-13	0.00438052309349168	1	1	1.64775981022885e-10	B	MTHFD1-TARGET-GENES
3.53079502989587e-13	0.00171565402888285	1	1	1.82895182548606e-10	B	ASH1L-TARGET-GENES
4.01893548448397e-13	0.0014045773046602	1	1	2.0818085809627e-10	B	ZNF30-TARGET-GENES
4.23314346663409e-13	0.00212640698567523	1	1	2.19276831571646e-10	B	RFX7-TARGET-GENES
4.39287019359389e-13	0.00149441704601638	1	1	2.27550676028164e-10	B	ZNF407-TARGET-GENES
4.75684247238303e-13	0.0012762195687257	1	1	2.46404440069441e-10	B	ZNF766-TARGET-GENES
4.76782237871832e-13	0.0021570769135752	1	1	2.46973199217609e-10	B	HOXA10-TARGET-GENES
5.82325796350992e-13	0.00145745625968557	1	1	3.01644762509814e-10	B	TP73-TARGET-GENES
7.57478482456134e-13	0.00409703306812687	1	1	3.92373853912278e-10	B	ZNF404-TARGET-GENES
1.08668944773491e-12	0.00143917719332648	1	1	5.62905133926682e-10	B	ZNF92-TARGET-GENES
1.12926225720334e-12	0.00180207013941192	1	1	5.84957849231332e-10	B	ATF5-TARGET-GENES
1.19262930040604e-12	0.00170343412399449	1	1	6.17781977610329e-10	B	DYRK1A-TARGET-GENES
1.54585151499717e-12	0.00193764316145828	1	1	8.00751084768532e-10	B	HOXD1-TARGET-GENES
1.57621790975812e-12	0.00518425795870942	1	1	8.16480877254704e-10	B	ZNF19-TARGET-GENES
1.79242654468495e-12	0.00848616355845133	1	1	9.28476950146803e-10	B	MAP2K1-TARGET-GENES
1.8690898392734e-12	0.00178864758731662	1	1	9.6818853674362e-10	B	TBPL1-TARGET-GENES
2.09233408438434e-12	0.00162755298852868	1	1	1.08382905571109e-09	B	DACH1-TARGET-GENES
2.82167809234468e-12	0.00127190753538015	1	1	1.46162925183455e-09	B	ZNF22-TARGET-GENES
3.22074293258288e-12	0.00211345598347079	1	1	1.66834483907793e-09	B	ELF2-TARGET-GENES
3.34455198719644e-12	0.00301084473384416	1	1	1.73247792936776e-09	B	ASXL2-TARGET-GENES
3.87971665226438e-12	0.00279329986620541	1	1	2.00969322587295e-09	B	ZNF586-TARGET-GENES
4.1202862797624e-12	0.00149722059085788	1	1	2.13430829291692e-09	B	NKX2-2-TARGET-GENES
6.15182404095445e-12	0.00188512676582347	1	1	3.18664485321441e-09	B	WDHD1-TARGET-GENES
8.86624125575054e-12	0.0013860052455863	1	1	4.59271297047878e-09	B	HOXB4-TARGET-GENES
2.48421610346203e-11	0.0012477461214212	1	1	1.28682394159333e-08	B	DLX2-TARGET-GENES
3.41604985915868e-11	0.00117293090518561	1	1	1.7695138270442e-08	B	GLI4-TARGET-GENES
3.53921032865103e-11	0.00222812275185813	1	1	1.83331095024124e-08	B	ZMYM2-TARGET-GENES
3.77781611689738e-11	0.00178782825773127	1	1	1.95690874855284e-08	B	ZBED4-TARGET-GENES
4.33540498896614e-11	0.00180537534064934	1	1	2.24573978428446e-08	B	HES4-TARGET-GENES
5.53805557561933e-11	0.00173076724998494	1	1	2.86871278817081e-08	B	ZSCAN5DP-TARGET-GENES
5.78174010059016e-11	0.00182181579715823	1	1	2.9949413721057e-08	B	ZBTB1-TARGET-GENES
6.04991173602557e-11	0.00128599720536515	1	1	3.13385427926125e-08	B	ZSCAN31-TARGET-GENES
6.09850959517670e-11	0.00178747805397322	1	1	3.15902797030153e-08	B	BARX1-TARGET-GENES
6.53437381565265e-11	0.0021418659558633	1	1	3.38480563650807e-08	B	ELF5-TARGET-GENES
7.7478444918597e-11	0.00122181595826709	1	1	4.01338344678332e-08	B	LHX9-TARGET-GENES
9.03667609396522e-11	0.00150429207051911	1	1	4.68099821667398e-08	B	SIX4-TARGET-GENES
1.00172749512164e-10	0.0018907659346914	1	1	5.18894842473009e-08	B	SNRNP70-TARGET-GENES
1.31529635675864e-10	0.00219732473445489	1	1	6.81323512800975e-08	B	TOX4-TARGET-GENES
1.33820697673294e-10	0.000941166446384478	1	1	6.93191213947661e-08	B	HHEX-TARGET-GENES
1.5052834361725e-10	0.00173105776314747	1	1	7.79736819937356e-08	B	ZNF548-TARGET-GENES
1.92072574598573e-10	0.00123315946570118	1	1	9.94935936420609e-08	B	ZNF257-TARGET-GENES
4.49483597557441e-10	0.000844212114096965	1	1	2.32832503534755e-07	B	E2F5-TARGET-GENES
4.66117925916933e-10	0.00188144348101599	1	1	2.41449085624972e-07	B	DLX6-TARGET-GENES
5.75277324494999e-10	0.00160449693969167	1	1	2.9799365408841e-07	B	SETD1A-TARGET-GENES
6.22800481377347e-10	0.00256841860289142	1	1	3.22610649353465e-07	B	RUVBL2-TARGET-GENES
7.14724756175813e-10	0.00134373742592475	1	1	3.70227423699071e-07	B	FXR1-TARGET-GENES
1.37292534781315e-09	0.00231954671859419	1	1	7.11175330167213e-07	B	PPARA-TARGET-GENES
1.3902997037706e-09	0.000984802608358926	1	1	7.20175246553168e-07	B	ZNF660-TARGET-GENES
1.50382044163103e-09	0.00159699982362771	1	1	7.78978988764874e-07	B	ZFHX3-TARGET-GENES
2.07450772290587e-09	0.00878298945346689	1	1	1.07459500046524e-06	B	ZNF514-TARGET-GENES
2.09334918895914e-09	0.00139443673526013	1	1	1.08435487988084e-06	B	SKP2-TARGET-GENES
2.38066258573872e-09	0.00148531646836464	1	1	1.23318321941266e-06	B	ZNF436-TARGET-GENES
2.69343628147959e-09	0.00264716344066551	1	1	1.39519999380643e-06	B	ZNF488-TARGET-GENES
2.7701774513322e-09	0.000862785338541394	1	1	1.43495191979008e-06	B	PAX6-TARGET-GENES
4.12950573129779e-09	0.00103094599824072	1	1	2.13908396881226e-06	B	HOXA2-TARGET-GENES
6.82527243880689e-09	0.00210317635541973	1	1	3.53549112330197e-06	B	LMNB2-TARGET-GENES
1.4914011982178e-08	0.00116214461499886	1	1	7.72545820676821e-06	B	ZBED5-TARGET-GENES
1.49169281956234e-08	0.00147471606525784	1	1	7.72696880533293e-06	B	NFE2L1-TARGET-GENES
1.98448759388401e-08	0.0018219007169229	1	1	1.02796457363192e-05	B	ZNF791-TARGET-GENES
2.07574166242302e-08	0.00142013159464999	1	1	1.07523418113512e-05	B	HOXB6-TARGET-GENES
2.97683968158485e-08	0.00186104798039649	1	1	1.54200295506095e-05	B	ZNF707-TARGET-GENES
3.69483294250292e-08	0.00094714392916273	1	1	1.91392346421651e-05	B	ZNF512-TARGET-GENES
4.35719570420958e-08	0.00364033175345335	1	1	2.25702737478056e-05	B	BRF2-TARGET-GENES
5.5047997399313e-08	0.00268006979247426	1	1	2.85148626528441e-05	B	YBX3-TARGET-GENES
1.28105026937391e-07	0.00120730842951083	1	1	6.63584039535687e-05	B	ZNF677-TARGET-GENES
2.30442283566602e-07	0.00090699438825026	1	1	0.0001193691028875	B	ZNF329-TARGET-GENES
2.46563403869557e-07	0.00194512187452245	1	1	0.00012771984320443	B	NPAT-TARGET-GENES
2.64842218916999e-07	0.0014821824346376	1	1	0.000137188269399005	B	HOXD11-TARGET-GENES
3.17500507898307e-07	0.00456661657666541	1	1	0.000164465263091323	B	ZNF416-TARGET-GENES
4.62981724801358e-07	0.00229324924555052	1	1	0.000239824533447103	B	HJURP-TARGET-GENES
5.08035022247842e-07	0.00596580142527958	1	1	0.000263162141524382	B	ZNF23-TARGET-GENES
5.632191048728e-07	0.00143250577080362	1	1	0.000291747496324111	B	DMRT1-TARGET-GENES
5.92900864977353e-07	0.00181239028183167	1	1	0.000307122648058269	B	HOXA7-TARGET-GENES
6.27125120794536e-07	0.000997815567986893	1	1	0.00032485081257157	B	KMT2D-TARGET-GENES
6.53638631876252e-07	0.00149742721296664	1	1	0.000338584811311899	B	SIRT3-TARGET-GENES
1.29615197320241e-06	0.00216835458991349	1	1	0.000671406722118847	B	RAX2-TARGET-GENES
1.29768414740227e-06	0.00237482020130203	1	1	0.000672200388354374	B	ZNF529-TARGET-GENES
1.52111187191478e-06	0.00849033456812875	1	1	0.000787935949651856	B	ZNF774-TARGET-GENES
2.19227151275002e-06	0.00136587461190735	1	1	0.00113559664360451	B	HOXA13-TARGET-GENES
2.20159506550211e-06	0.00110300438490551	1	1	0.00114042624393009	B	CEBPZ-TARGET-GENES
3.74596971541022e-06	0.00296075523752715	1	1	0.00194041231258249	B	THRAP3-TARGET-GENES
4.58280966410709e-06	0.00112377332163893	1	1	0.00237389540600747	B	ZNF581-TARGET-GENES
5.25601188519139e-06	0.00195253875875445	1	1	0.00272261415652914	B	BRF1-TARGET-GENES
5.40472488292878e-06	0.000965077644761725	1	1	0.00279964748935711	B	LHX2-TARGET-GENES
5.43061969652807e-06	0.000928661210521042	1	1	0.00281306100280154	B	ZNF260-TARGET-GENES
7.94779915077305e-06	0.00126427199426971	1	1	0.00411695996010044	B	NUFIP1-TARGET-GENES
1.32821876171349e-05	0.00149057254844009	1	1	0.00688017318567589	B	MCM3-TARGET-GENES
1.67784203023645e-05	0.00100928388966004	1	1	0.00869122171662482	B	SNIP1-TARGET-GENES
1.88275983689244e-05	0.00260295544163003	1	1	0.00975269595510285	B	NKX6-1-TARGET-GENES
2.48748567363631e-05	0.00252016974281899	1	1	0.0128851757894361	B	TCOF1-TARGET-GENES
2.6429013756992e-05	0.00487329607221731	1	1	0.0136902291261218	B	MSX2-TARGET-GENES
4.40446610335767e-05	0.000623813574515242	1	1	0.0228151344153927	B	TET1-TARGET-GENES
4.4338243856331e-05	0.00103301833499586	1	1	0.0229672103175795	B	METHYLCYTOSINE-DIOXYGENASE-TET-UNIPROT-A0A023HHK9-UNREVIEWED-TARGET-GENES
4.53237781377865e-05	0.000682399098876907	1	1	0.0234777170753734	B	ZNF197-TARGET-GENES
5.2820759732007e-05	0.00270380696595546	1	1	0.0273611535411796	B	WRN-TARGET-GENES
5.64603934158958e-05	0.000786063534314263	1	1	0.029246483789434	B	ZNF37A-TARGET-GENES
7.67624532369759e-05	0.000748763136237895	1	1	0.0397629507767535	B	PBXIP1-TARGET-GENES
8.18958779289917e-05	0.000803259938520595	1	1	0.0424220647672177	B	NKX2-5-TARGET-GENES
0.000130856834928159	0.00524627203058108	1	1	0.0677838404927865	B	SNAPC2-TARGET-GENES
0.000135799951748831	0.000969952945344077	1	1	0.0703443750058946	B	SUPT20H-TARGET-GENES
0.000185492250772024	0.000997725104790848	1	1	0.0960849858999086	B	SETX-TARGET-GENES
0.000190739348860406	0.00102521935567151	1	1	0.0988029827096904	B	CAVIN1-TARGET-GENES
0.000214408162164735	0.00174680535419436	1	1	0.111063428001333	B	FOXR2-TARGET-GENES
0.00028671489177668	0.000317844251557398	1	1	0.14851831394032	B	ZNF223-TARGET-GENES
0.000365374751183578	0.000501131223028806	1	1	0.189264121113094	B	MED16-TARGET-GENES
0.000673934235529153	0.0011028134629239	1	1	0.349097934004101	B	ADCYAP1-TARGET-GENES
0.000815627856352225	0.00106450599007546	1	1	0.422495229590452	B	HDAC8-TARGET-GENES
0.00100735843927386	0.00072843333224365	1	1	0.521811671543859	B	CASP8AP2-TARGET-GENES
0.00101333588242008	0.000671553151951443	1	1	0.524907987093601	B	ZNF394-TARGET-GENES
0.00145201252758579	0.00583169869468692	1	1	0.752142489289441	B	ZBTB49-TARGET-GENES
0.00155586610992033	0.000262850560581285	1	1	0.805938644938731	B	NEUROG3-TARGET-GENES
0.00168022978011602	0.000577772580110159	1	1	0.870359026100096	B	PAF1-TARGET-GENES
0.00204849233507785	0.00144170308282465	1	1	1	B	LHX3-TARGET-GENES
0.00241259833668726	0.0100022747781482	1	1	1	B	ZNF302-TARGET-GENES
0.00262576910478868	0.000433732943319665	1	1	1	B	SIPA1-TARGET-GENES
0.00306279698908979	0.00197988339665271	1	1	1	B	LAMB3-TARGET-GENES
0.00316368330352093	0.000488257753357535	1	1	1	B	XPO1-TARGET-GENES
0.00340086191081194	0.000790847616438772	1	1	1	B	KLF14-TARGET-GENES
0.00362206244545639	0.000426572828005789	1	1	1	B	ZNF331-TARGET-GENES
0.0078131578179359	0.00454962170127104	1	1	1	B	ZNF776-TARGET-GENES
0.00845533086027172	0.00172162465598508	1	1	1	B	MCRS1-TARGET-GENES
0.00898098303091811	0.00255533454296181	1	1	1	B	NFE2L3-TARGET-GENES
1.10193153965859e-79	0.0154079193531041	1	1	5.7080053754315e-77	T	ZNF530-TARGET-GENES
1.32629382626886e-64	0.00641391777567851	1	1	6.87020202007271e-62	T	HOXC11-TARGET-GENES
2.40230535459104e-53	0.00407321322049603	1	1	1.24439417367816e-50	T	CREBL2-TARGET-GENES
9.59538737080485e-52	0.00605982545672065	1	1	4.97041065807691e-49	T	ZNF354C-TARGET-GENES
1.69158054274072e-51	0.00476612827411849	1	1	8.76238721139694e-49	T	HSF4-TARGET-GENES
6.91525177555991e-42	0.00625783103106758	1	1	3.58210041974003e-39	T	MNX1-TARGET-GENES
1.03378960645646e-41	0.0127532089467162	1	1	5.35503016144448e-39	T	HJURP-TARGET-GENES
8.78407553506979e-37	0.00936174945090223	1	1	4.55015112716615e-34	T	SOX15-TARGET-GENES
2.42468411411046e-32	0.00585464081238074	1	1	1.25598637110922e-29	T	DPPA3-TARGET-GENES
1.48048335633188e-29	0.000553767237902736	1	1	7.66890378579913e-27	T	HSD17B8-TARGET-GENES
8.14030722583683e-29	0.00298126262630483	1	1	4.21667914298348e-26	T	ZNF20-TARGET-GENES
5.30973827342884e-25	0.0017622186363716	1	1	2.75044442563614e-22	T	NME2-TARGET-GENES
8.93617389846162e-20	0.00185919015629721	1	1	4.62893807940312e-17	T	SRPK2-TARGET-GENES
2.36285488381216e-18	0.0121525180839661	0.437	0.423	1.2239588298147e-15	T	RBMX-TARGET-GENES
1.56269526278643e-17	0.00293234887574007	1	1	8.0947614612337e-15	T	ZNF837-TARGET-GENES
1.42654794240573e-16	0.00189441421051584	1	1	7.38951834166168e-14	T	HEY2-TARGET-GENES
1.72075009409515e-16	0.00181710244068706	1	1	8.91348548741287e-14	T	MAML1-TARGET-GENES
5.30691441860408e-15	0.00479539315009608	1	1	2.74898166883692e-12	T	WIZ-TARGET-GENES
1.03850519328966e-08	0.00119217923699949	1	1	5.37945690124042e-06	T	ZNF708-TARGET-GENES
3.10769924381203e-08	0.00221160046213592	1	1	1.60978820829463e-05	T	XPO1-TARGET-GENES
6.49302065021039e-08	0.0015077156749968	1	1	3.36338469680898e-05	T	NUP214-TARGET-GENES
1.7186451248158e-07	0.00747349448993084	1	1	8.90258174654583e-05	T	EGFR-TARGET-GENES
3.07768507896533e-07	0.000695275183513699	1	1	0.000159424087090404	T	TERF1-TARGET-GENES
7.23214381085548e-07	0.000633767900227233	1	1	0.000374625049402314	T	ZNF597-TARGET-GENES
1.69550787369603e-05	0.00147319741262464	1	1	0.00878273078574542	T	ASXL2-TARGET-GENES
0.000206215855888203	0.00186160711612998	1	1	0.106819813350089	T	LMX1B-TARGET-GENES
0.000208583208501965	0.000822575962533878	1	1	0.108046102004018	T	LHX3-TARGET-GENES
0.00559684547889949	0.000902134136691379	1	1	1	T	ERCC8-TARGET-GENES
0.00782912182903827	0.000963486402615121	1	1	1	T	ZSCAN26-TARGET-GENES
3.13752968525722e-89	0.0251828333017821	1	1	1.62524037696324e-86	M	MAP2K1-TARGET-GENES
2.52460665312244e-77	0.00567491228662487	1	1	1.30774624631742e-74	M	MAML1-TARGET-GENES
1.07118131207764e-33	0.00300300998724451	1	1	5.54871919656216e-31	M	TERF1-TARGET-GENES
6.38196019808404e-31	0.00475483948151073	1	1	3.30585538260753e-28	M	NR5A1-TARGET-GENES
1.36330241785043e-27	0.0042504021165693	1	1	7.06190652446523e-25	M	NKX6-1-TARGET-GENES
2.18407802631492e-27	0.00282909297987166	1	1	1.13135241763113e-24	M	METTL14-TARGET-GENES
7.71088526504427e-25	0.00916164373811945	1	1	3.99423856729293e-22	M	SOX15-TARGET-GENES
3.52536056499937e-24	0.00218328257913458	1	1	1.82613677266967e-21	M	ZNF597-TARGET-GENES
3.8034089639968e-23	0.00295476398796091	1	1	1.97016584335034e-20	M	ZNF746-TARGET-GENES
1.51707237550331e-21	0.00348508077339615	1	1	7.85843490510717e-19	M	ZNF165-TARGET-GENES
2.43530999278868e-19	0.0016875904524391	1	1	1.26149057626454e-16	M	ERCC8-TARGET-GENES
2.67983418252385e-19	0.0025501349225443	1	1	1.38815410654735e-16	M	TERF2-TARGET-GENES
7.57080108226298e-19	0.00287235831202143	1	1	3.92167496061222e-16	M	BAHD1-TARGET-GENES
1.83159084976559e-18	0.00452400340471093	1	1	9.48764060178575e-16	M	HOXC11-TARGET-GENES
7.81166444088692e-18	0.00335699338256484	1	1	4.04644218037942e-15	M	ADNP-TARGET-GENES
2.71358898823816e-17	0.00188639464611595	1	1	1.40563909590737e-14	M	ZFP28-TARGET-GENES
8.89810213188256e-15	0.00261203097144097	1	1	4.60921690431517e-12	M	MCM5-TARGET-GENES
1.50281615334657e-13	0.00431979926219339	1	1	7.78458767433525e-11	M	WIZ-TARGET-GENES
3.30576687345073e-13	0.00612907201606272	1	1	1.71238724044748e-10	M	MDM2-TARGET-GENES
3.99543526819889e-13	0.00193160431996708	1	1	2.06963546892703e-10	M	PHF21A-TARGET-GENES
6.86385753617488e-13	0.00532279554571924	1	1	3.55547820373859e-10	M	MAPK3-TARGET-GENES
1.02368755253214e-12	0.00243829870538448	1	1	5.3027015221165e-10	M	ZA-UNIPROT-Q9UM89-UNREVIEWED-TARGET-GENES
1.95829064291326e-12	0.0012583509475993	1	1	1.01439455302907e-09	M	ARID3B-TARGET-GENES
2.36263062806913e-11	0.000682349500203183	1	1	1.22384266533981e-08	M	NME2-TARGET-GENES
6.35155297149919e-11	0.0018186868913766	1	1	3.29010443923658e-08	M	PRMT5-TARGET-GENES
6.43079303017946e-11	0.00264185402232209	1	1	3.33115078963296e-08	M	ZNF548-TARGET-GENES
1.17991903262342e-10	0.00238590790402921	1	1	6.1119805889893e-08	M	ZNF777-TARGET-GENES
1.79688266045473e-10	0.00237694981187625	1	1	9.30785218115552e-08	M	PAX8-TARGET-GENES
2.82764837809288e-10	0.0128260578385211	0.578	0.566	1.46472185985211e-07	M	GTF3C1-TARGET-GENES
3.10530420853702e-10	0.00350644790988253	1	1	1.60854758002218e-07	M	CENPT-TARGET-GENES
1.05854913169189e-09	0.00112732020677497	1	1	5.483284502164e-07	M	NFXL1-TARGET-GENES
1.07646490127568e-09	0.00123101892339444	1	1	5.57608818860803e-07	M	ZNF331-TARGET-GENES
1.40135246948343e-09	0.00187975106277613	1	1	7.25900579192418e-07	M	SIGMAR1-TARGET-GENES
1.42322108248439e-09	0.00234480426655881	1	1	7.37228520726915e-07	M	ZSCAN26-TARGET-GENES
2.28237895463388e-09	0.00276622235575386	1	1	1.18227229850035e-06	M	PSMB5-TARGET-GENES
2.33109602959519e-09	0.00147091845917235	1	1	1.20750774333031e-06	M	DPPA3-TARGET-GENES
3.57358691536852e-09	0.00121718423835132	1	1	1.8511180221609e-06	M	ZNF33A-TARGET-GENES
4.97158032330543e-09	0.00188404531172781	1	1	2.57527860747221e-06	M	ZNF37A-TARGET-GENES
7.25049391574551e-09	0.00316923838967686	1	1	3.75575584835617e-06	M	ZNF501-TARGET-GENES
9.11169060528996e-09	0.000879169792813439	1	1	4.7198557335402e-06	M	ZSCAN4-TARGET-GENES
9.97531646560697e-09	0.00283793613291478	1	1	5.16721392918441e-06	M	TFEB-TARGET-GENES
1.22973362728711e-08	0.000893154164472387	1	1	6.37002018934725e-06	M	F10-TARGET-GENES
1.5611722457633e-08	0.00120785916491373	1	1	8.08687223305388e-06	M	HMGB1-TARGET-GENES
1.69004019623546e-08	0.00132194180703682	1	1	8.7544082164997e-06	M	PRDM4-TARGET-GENES
2.02555655849952e-08	0.00259155371807696	1	1	1.04923829730275e-05	M	ZNF418-TARGET-GENES
9.43348278735765e-08	0.00100322181475215	1	1	4.88654408385126e-05	M	EBNA1BP2-TARGET-GENES
1.12464500721093e-07	0.000998327129411614	1	1	5.82566113735259e-05	M	ZNF596-TARGET-GENES
1.56746207518603e-07	0.00210567873513073	1	1	8.11945354946364e-05	M	SIX4-TARGET-GENES
2.07399714152478e-07	0.00263650440525875	1	1	0.000107433051930984	M	ZSCAN18-TARGET-GENES
4.2591819089242e-07	0.0037428502479282	1	1	0.000220625622882273	M	ZNF354B-TARGET-GENES
5.19216993163699e-07	0.00108761386149503	1	1	0.000268954402458796	M	HBZ-TARGET-GENES
5.32738055907283e-07	0.00202697112624622	1	1	0.000275958312959973	M	SVIL-TARGET-GENES
7.03031820550898e-07	0.00153257219619019	1	1	0.000364170483045365	M	NR4A2-TARGET-GENES
8.25745774071761e-07	0.00184310934885934	1	1	0.000427736310969172	M	ADCYAP1-TARGET-GENES
1.23969055455799e-06	0.0016665156063238	1	1	0.000642159707261038	M	SQSTM1-TARGET-GENES
1.50255293949215e-06	0.00178349785954784	1	1	0.000778322422656934	M	ZNF394-TARGET-GENES
1.9995869993947e-06	0.00228460006863396	1	1	0.00103578606568645	M	YBX1-TARGET-GENES
2.35229960065273e-06	0.00188415388483404	1	1	0.00121849119313811	M	CHAF1B-TARGET-GENES
2.60041207725432e-06	0.0042796135887137	1	1	0.00134701345601774	M	HJURP-TARGET-GENES
2.9863843203292e-06	0.00151462698773425	1	1	0.00154694707793053	M	HEY2-TARGET-GENES
3.82680327445436e-06	0.00151061596338574	1	1	0.00198228409616736	M	SNAPC2-TARGET-GENES
3.93295253099032e-06	0.000867437889367717	1	1	0.00203726941105299	M	ZNF558-TARGET-GENES
4.03735793879799e-06	0.00272169402074363	1	1	0.00209135141229736	M	FOXD3-TARGET-GENES
4.10078589545148e-06	0.00380096651093287	1	1	0.00212420709384387	M	EGFR-TARGET-GENES
7.1062222555569e-06	0.00119088631461278	1	1	0.00368102312837848	M	ZNF20-TARGET-GENES
9.18324951013367e-06	0.001015600326777	1	1	0.00475692324624924	M	ZNF513-TARGET-GENES
1.92426826206033e-05	0.000298736840678993	1	1	0.00996770959747249	M	IGLV5-37-TARGET-GENES
2.34935356277433e-05	0.00130545119144926	1	1	0.012169651455171	M	RAG1-TARGET-GENES
4.67568807141115e-05	0.00203891133666934	1	1	0.0242200642099098	M	HDGF-TARGET-GENES
5.3639212523605e-05	0.00209783649247591	1	1	0.0277851120872274	M	PER1-TARGET-GENES
6.61363988255847e-05	0.000672767337219937	1	1	0.0342586545916529	M	HAND1-TARGET-GENES
6.83270637011043e-05	0.00149225824441274	1	1	0.035393418997172	M	NCOA6-TARGET-GENES
0.000156610969289506	0.00135162211115541	1	1	0.0811244820919641	M	GTF2A2-TARGET-GENES
0.000190059040773393	0.00137769371564955	1	1	0.0984505831206174	M	CEBPE-TARGET-GENES
0.000201049066605011	0.00176032664759142	1	1	0.104143416501396	M	BRF2-TARGET-GENES
0.000244411350775064	0.000989375458467279	1	1	0.126605079701483	M	ZNF134-TARGET-GENES
0.000312175158559594	0.000880269546951473	1	1	0.16170673213387	M	NR0B1-TARGET-GENES
0.000341921424184191	0.00137490326572104	1	1	0.177115297727411	M	ZNF586-TARGET-GENES
0.00039514777526511	0.000777450382474593	1	1	0.204686547587327	M	SNAPC4-TARGET-GENES
0.000458929420899543	0.00103560881926684	1	1	0.237725440025963	M	ZNF436-TARGET-GENES
0.000523949015013424	0.00330995473728579	0.611	0.684	0.271405589776954	M	RARB-TARGET-GENES
0.000577110073593584	0.00102123543984189	1	1	0.298943018121476	M	ZNF768-TARGET-GENES
0.000595504904802641	0.000992119907140931	1	1	0.308471540687768	M	HOXD1-TARGET-GENES
0.000635115330353152	0.000932954639030481	1	1	0.328989741122933	M	ZNF41-TARGET-GENES
0.000650221119821088	0.00134363521020248	1	1	0.336814540067324	M	ZNF490-TARGET-GENES
0.000673961882436239	0.000854651888728131	1	1	0.349112255101972	M	PCGF1-TARGET-GENES
0.00139537804201699	0.000729681081037159	1	1	0.7228058257648	M	ZNF585B-TARGET-GENES
0.0018310298869398	0.00139395370653944	1	1	0.948473481434816	M	SIRT3-TARGET-GENES
0.0018943569127132	0.00161742463260078	1	1	0.981276880785438	M	ZNF410-TARGET-GENES
0.00205353888228927	0.000563379817862475	1	1	1	M	HMGA1-TARGET-GENES
0.00281751341508439	0.00044626222863059	1	1	1	M	ZFP37-TARGET-GENES
0.00293600104808631	0.00141941712947347	1	1	1	M	CDC73-TARGET-GENES
0.00318545322128536	0.00129589684166964	1	1	1	M	NAB2-TARGET-GENES
0.00402034729839007	0.00115066243160233	1	1	1	M	GTF2E2-TARGET-GENES
0.00451494331310379	0.000693871269051127	1	1	1	M	PAF1-TARGET-GENES
0.00566309877230085	0.000907307194808693	1	1	1	M	ZNF318-TARGET-GENES
0.00623710084145937	4.34726496243432e-05	1	1	1	M	ZNF257-TARGET-GENES
0.00630265437362594	0.000702963510656407	1	1	1	M	ZNF423-TARGET-GENES
0.00638893074499314	0.00112034032708258	1	1	1	M	ZNF362-TARGET-GENES
0.00661252618799481	0.00113020757832588	1	1	1	M	MED25-TARGET-GENES
0.00703973532656326	0.0018474492412317	1	1	1	M	ZNF507-TARGET-GENES
0.00807171688671837	9.42252956769307e-05	1	1	1	M	ZNF407-TARGET-GENES
0.00971373355193572	0.00104786281453029	1	1	1	M	RBM15-TARGET-GENES
0.00992590893573691	0.00109883625546336	1	1	1	M	ZNF213-TARGET-GENES
0	0.0187350487558082	1	1	0	D	NR1H4-TARGET-GENES
0	0.0103617078643715	1	1	0	D	ZSCAN2-TARGET-GENES
2.5405654704564e-184	0.00723367763025295	1	1	1.31601291369642e-181	D	LCORL-TARGET-GENES
6.3475528805003e-127	0.00553600384744968	1	1	3.28803239209916e-124	D	ZNF667-TARGET-GENES
1.35136709302343e-123	0.0105772635967621	1	1	7.00008154186139e-121	D	MCM2-TARGET-GENES
4.16526537733742e-122	0.0063561412291509	1	1	2.15760746546078e-119	D	RORA-TARGET-GENES
4.51391863559731e-120	0.00449604397710629	1	1	2.33820985323941e-117	D	PBXIP1-TARGET-GENES
1.78372317653122e-117	0.00835987710264485	1	1	9.23968605443171e-115	D	FOXC1-TARGET-GENES
3.25303592719172e-116	0.00442426686155423	1	1	1.68507261028531e-113	D	HMG20B-TARGET-GENES
8.30149472809625e-113	0.00626637544492908	1	1	4.30017426915386e-110	D	WDHD1-TARGET-GENES
7.50497755859308e-112	0.00457156974041517	1	1	3.88757837535121e-109	D	HHEX-TARGET-GENES
1.1804759052114e-111	0.00918445200939366	1	1	6.11486518899505e-109	D	PTTG1-TARGET-GENES
1.83856765998294e-110	0.00537847066258901	1	1	9.52378047871165e-108	D	ZNF133-TARGET-GENES
1.93248821003353e-109	0.00646704376845814	1	1	1.00102889279737e-106	D	DNMT1-TARGET-GENES
6.82913802209218e-106	0.00519499573207605	1	1	3.53749349544375e-103	D	DIDO1-TARGET-GENES
2.64087956265918e-104	0.00911337823671604	1	1	1.36797561345746e-101	D	ZMYM2-TARGET-GENES
6.15824278483112e-102	0.00627356565824466	1	1	3.18996976254252e-99	D	ZNF101-TARGET-GENES
4.05910696407601e-98	0.00623980007472391	1	1	2.10261740739137e-95	D	ZC3H11A-TARGET-GENES
9.03362642549493e-97	0.00968926396164377	1	1	4.67941848840638e-94	D	SYNCRIP-TARGET-GENES
2.8514128813489e-94	0.00627122809689951	1	1	1.47703187253873e-91	D	FOXO4-TARGET-GENES
6.93843048811297e-90	0.00464258694459174	1	1	3.59410699284252e-87	D	ADA2-TARGET-GENES
5.6484431646561e-88	0.0145716829971575	1	1	2.92589355929186e-85	D	ZNF491-TARGET-GENES
8.30205867333751e-88	0.0136318401850136	1	1	4.30046639278883e-85	D	ZFP36L1-TARGET-GENES
1.3237882770335e-84	0.00771489059951425	1	1	6.85722327503352e-82	D	ZNF704-TARGET-GENES
3.03366190572694e-84	0.00491641859302849	1	1	1.57143686716656e-81	D	METHYLCYTOSINE-DIOXYGENASE-TET-UNIPROT-A0A023HHK9-UNREVIEWED-TARGET-GENES
1.1675435558185e-82	0.00506754183076685	1	1	6.04787561913982e-80	D	ALKBH3-TARGET-GENES
7.3946953151474e-82	0.00522157574450444	1	1	3.83045217324635e-79	D	ZNF581-TARGET-GENES
7.86381515683493e-81	0.00529330731001859	1	1	4.07345625124049e-78	D	ZNF784-TARGET-GENES
5.50631908344094e-77	0.00574074845256228	1	1	2.8522732852224e-74	D	ZNF354B-TARGET-GENES
1.37078665725489e-75	0.00400109972684826	1	1	7.10067488458032e-73	D	SS18-SSX1-FUSION-UNIPROT-Q8IZH1-UNREVIEWED-TARGET-GENES
1.39951959472487e-73	0.00834658961989893	1	1	7.24951150067485e-71	D	RAX2-TARGET-GENES
2.47582906101069e-73	0.00654578247538912	1	1	1.28247945360354e-70	D	ZNF34-TARGET-GENES
8.38033320545866e-73	0.00543260453444067	1	1	4.34101260042758e-70	D	ZNF250-TARGET-GENES
4.68710328954145e-71	0.00577483490263397	1	1	2.42791950398247e-68	D	SETX-TARGET-GENES
2.64764064025104e-70	0.00492272352508188	1	1	1.37147785165004e-67	D	CASP8AP2-TARGET-GENES
3.90429150901009e-70	0.00868366422377226	1	1	2.02242300166723e-67	D	PGBD5-TARGET-GENES
1.53005745531579e-66	0.00466072835605291	1	1	7.92569761853579e-64	D	HOXA1-TARGET-GENES
4.73273971171043e-66	0.00377094912842862	1	1	2.45155917066601e-63	D	TOP2B-TARGET-GENES
2.4859781343012e-63	0.00538639032628907	1	1	1.28773667356802e-60	D	SUPT20H-TARGET-GENES
1.41217630431317e-62	0.00386917965470435	1	1	7.31507325634222e-60	D	ZNF260-TARGET-GENES
5.34394991758225e-60	0.00720285929767939	1	1	2.76816605730761e-57	D	PPARA-TARGET-GENES
5.87728281262276e-60	0.00416702054948526	1	1	3.04443249693859e-57	D	ZBED5-TARGET-GENES
2.28410848926006e-59	0.0040989930200252	1	1	1.18316819743671e-56	D	ZSCAN31-TARGET-GENES
3.10458605807083e-58	0.00406026349022592	1	1	1.60817557808069e-55	D	FXR1-TARGET-GENES
7.30625537174091e-56	0.0129005120584583	1	1	3.78464028256179e-53	D	LAMB3-TARGET-GENES
3.67557587032529e-55	0.00234161760901686	1	1	1.9039483008285e-52	D	ZBTB24-TARGET-GENES
3.7419999198268e-55	0.00354079404222873	1	1	1.93835595847028e-52	D	LHX2-TARGET-GENES
4.62939561673786e-55	0.00759367467713568	1	1	2.39802692947021e-52	D	ZNF529-TARGET-GENES
1.14004479650056e-54	0.00456517177554278	1	1	5.90543204587292e-52	D	PITX1-TARGET-GENES
1.41607811952615e-54	0.00286239750947903	1	1	7.33528465914544e-52	D	ZNF660-TARGET-GENES
1.8628291359454e-54	0.00399804506363127	1	1	9.64945492419718e-52	D	NKX2-3-TARGET-GENES
2.574454845542e-53	0.00788962529600029	1	1	1.33356760999076e-50	D	PPARGC1A-TARGET-GENES
4.92442717573708e-52	0.00536558867625436	1	1	2.55085327703181e-49	D	HDAC8-TARGET-GENES
7.9399843681558e-52	0.00547549891868543	1	1	4.11291190270471e-49	D	ZFP82-TARGET-GENES
1.27354794014112e-51	0.00292233958076726	1	1	6.59697832993101e-49	D	BPTF-TARGET-GENES
2.13010850245258e-51	0.00375405687179581	1	1	1.10339620427044e-48	D	DLX4-TARGET-GENES
1.54673591585614e-50	0.00441134561822165	1	1	8.01209204413478e-48	D	CEBPZ-TARGET-GENES
1.27187777639547e-49	0.00551667399078148	1	1	6.58832688172855e-47	D	HOXA13-TARGET-GENES
1.92110406979123e-49	0.00682499482467291	1	1	9.95131908151859e-47	D	EPC1-TARGET-GENES
1.45997778408833e-47	0.00304919269585224	1	1	7.56268492157756e-45	D	E2F2-TARGET-GENES
2.30001823316634e-47	0.00366844421830848	1	1	1.19140944478017e-44	D	ATF6-TARGET-GENES
6.18370702319874e-47	0.00184721854904635	1	1	3.20316023801695e-44	D	ZNF654-TARGET-GENES
8.25529539086446e-47	0.00525052159780182	1	1	4.27624301246779e-44	D	ZSCAN5B-TARGET-GENES
3.82488410555882e-46	0.00640473129548724	1	1	1.98128996667947e-43	D	FOXD3-TARGET-GENES
2.475976286782e-45	0.00458237409646012	1	1	1.28255571655307e-42	D	ZNF707-TARGET-GENES
5.18878377542705e-45	0.0073809437466783	1	1	2.68778999567121e-42	D	FOXR2-TARGET-GENES
8.94129366157254e-44	0.00276149630988215	1	1	4.63159011669457e-41	D	LHX9-TARGET-GENES
1.09569062576476e-43	0.00432710142309706	1	1	5.67567744146144e-41	D	ZNF26-TARGET-GENES
1.31552392443171e-43	0.00462314769317124	1	1	6.81441392855625e-41	D	ZNF623-TARGET-GENES
5.67434993144035e-43	0.00225509787446587	1	1	2.9393132644861e-40	D	ZNF41-TARGET-GENES
5.68311999801396e-43	0.00366652325484848	1	1	2.94385615897123e-40	D	SMCHD1-TARGET-GENES
7.2637569091388e-43	0.0120571406636032	1	1	3.7626260789339e-40	D	CARM1-TARGET-GENES
9.02449189926686e-43	0.00346428823165545	1	1	4.67468680382023e-40	D	NFE2L1-TARGET-GENES
9.41603325036441e-42	0.00377248259676688	1	1	4.87750522368876e-39	D	BARHL1-TARGET-GENES
8.44583456157736e-41	0.00757160709928884	1	1	4.37494230289707e-38	D	MCRS1-TARGET-GENES
4.22043771494341e-40	0.0025147338089973	1	1	2.18618673634068e-37	D	ZNF7-TARGET-GENES
7.67863656879717e-40	0.0025440046799739	1	1	3.97753374263693e-37	D	GLI1-TARGET-GENES
1.37476934643363e-39	0.00293112916426014	1	1	7.12130521452622e-37	D	ZNF257-TARGET-GENES
2.15264167440188e-39	0.00363116920696593	1	1	1.11506838734017e-36	D	DYRK1A-TARGET-GENES
2.34887919993092e-39	0.00345002750273971	1	1	1.21671942556422e-36	D	UBP1-TARGET-GENES
4.52039838270051e-38	0.00396156314967622	1	1	2.34156636223886e-35	D	MED25-TARGET-GENES
1.73638198223506e-37	0.00826321351617335	1	1	8.99445866797761e-35	D	ZNF214-TARGET-GENES
1.90606097448108e-37	0.00421693111264321	1	1	9.87339584781202e-35	D	ZNF830-TARGET-GENES
3.54646691370455e-37	0.00283696699668917	1	1	1.83706986129896e-34	D	ZNF197-TARGET-GENES
7.41486158072275e-37	0.00476830051883248	1	1	3.84089829881438e-34	D	LMNB2-TARGET-GENES
1.06175593581161e-36	0.00206924730738389	1	1	5.49989574750414e-34	D	KMT2D-TARGET-GENES
2.34426141837064e-36	0.0037604710030964	1	1	1.21432741471599e-33	D	DMRT1-TARGET-GENES
4.48413202692404e-36	0.00193758820444551	1	1	2.32278038994665e-33	D	DLX2-TARGET-GENES
1.48108956474126e-35	0.00374723285826195	1	1	7.67204394535975e-33	D	SETD1A-TARGET-GENES
3.92344151958113e-35	0.00306493842723388	1	1	2.03234270714302e-32	D	FOXD2-TARGET-GENES
6.52735262564001e-35	0.00267166783197736	1	1	3.38116866008153e-32	D	NCOA2-TARGET-GENES
6.54911692421647e-35	0.00378416164333245	1	1	3.39244256674413e-32	D	THRA-TARGET-GENES
3.81138341257304e-34	0.00566193413703131	1	1	1.97429660771284e-31	D	HOXB7-TARGET-GENES
4.74589266265367e-34	0.00894000216355806	1	1	2.4583723992546e-31	D	MPHOSPH8-TARGET-GENES
6.40466264982399e-34	0.00517115191959006	1	1	3.31761525260883e-31	D	ZNF292-TARGET-GENES
1.64013907438619e-33	0.00360863807162715	1	1	8.49592040532046e-31	D	ZNF669-TARGET-GENES
3.59846361160405e-33	0.00684012895850605	1	1	1.8640041508109e-30	D	FOXQ1-TARGET-GENES
1.55093418728308e-32	0.00572140363614193	1	1	8.03383909012638e-30	D	MED16-TARGET-GENES
3.34340062616537e-32	0.00408210565078282	1	1	1.73188152435366e-29	D	SETBP1-TARGET-GENES
4.35826311826893e-32	0.00340120176241371	1	1	2.2575802952633e-29	D	DLX6-TARGET-GENES
8.48113588578809e-32	0.00183260185247158	1	1	4.39322838883823e-29	D	HOXA2-TARGET-GENES
1.0146800533174e-31	0.00366204557967587	1	1	5.25604267618412e-29	D	ELF2-TARGET-GENES
1.41087958433573e-31	0.00212463535449048	1	1	7.30835624685908e-29	D	NKX2-5-TARGET-GENES
1.51500202340313e-31	0.00321860209417535	1	1	7.84771048122823e-29	D	BARX2-TARGET-GENES
1.67449885119359e-31	0.00248605526438883	1	1	8.67390404918279e-29	D	TET1-TARGET-GENES
1.89793070929349e-31	0.0020843712508824	1	1	9.83128107414029e-29	D	ZNF577-TARGET-GENES
2.46761578531657e-31	0.00205432199089867	1	1	1.27822497679398e-28	D	CBX7-TARGET-GENES
3.66873027547672e-31	0.0034668527822711	1	1	1.90040228269694e-28	D	KAT2A-TARGET-GENES
8.2462928076587e-31	0.00340270402726617	1	1	4.27157967436721e-28	D	NR1I2-TARGET-GENES
1.351152180761e-30	0.00579293177656853	1	1	6.99896829634196e-28	D	ZNF239-TARGET-GENES
2.32151332807705e-30	0.00279300079835132	1	1	1.20254390394391e-27	D	ZSCAN5DP-TARGET-GENES
3.12665463172756e-30	0.00277913938952412	1	1	1.61960709923488e-27	D	FEV-TARGET-GENES
4.30221357085421e-30	0.00273987528874026	1	1	2.22854662970248e-27	D	ZNF30-TARGET-GENES
9.84286603130989e-30	0.00478524838259875	1	1	5.09860460421853e-27	D	YBX3-TARGET-GENES
5.67229186511084e-29	0.00203533609334161	1	1	2.93824718612742e-26	D	ZNF329-TARGET-GENES
1.45124252592948e-28	0.00231084062172793	1	1	7.51743628431471e-26	D	ATF5-TARGET-GENES
1.58739721772053e-28	0.00287147555909584	1	1	8.22271758779233e-26	D	FOXG1-TARGET-GENES
1.17300999144511e-27	0.00133880262075037	1	1	6.07619175568569e-25	D	ZNF416-TARGET-GENES
1.72971215141253e-27	0.00542916435919771	1	1	8.95990894431689e-25	D	ILK-TARGET-GENES
5.15084496582532e-27	0.00300617563134509	1	1	2.66813769229752e-24	D	ZNF561-TARGET-GENES
7.42028241752514e-27	0.00254166029959252	1	1	3.84370629227802e-24	D	HOXB4-TARGET-GENES
1.34404466350993e-26	0.00173038565786243	1	1	6.96215135698144e-24	D	ZNF490-TARGET-GENES
5.11224582535592e-26	0.00285010300030597	1	1	2.64814333753437e-23	D	ZNF157-TARGET-GENES
9.05349013598893e-26	0.00243355589348937	1	1	4.68970789044226e-23	D	ZNF407-TARGET-GENES
1.77146603746543e-25	0.00357105943593	1	1	9.17619407407095e-23	D	HOXA7-TARGET-GENES
2.66350016778869e-25	0.00192826469994795	1	1	1.37969308691454e-22	D	CUX1-TARGET-GENES
2.81798847395065e-25	0.00348614581229917	1	1	1.45971802950644e-22	D	SNRNP70-TARGET-GENES
3.63800219407357e-25	0.00320411909511992	1	1	1.88448513653011e-22	D	ZNF697-TARGET-GENES
4.84007615771853e-25	0.0025526094225734	1	1	2.5071594496982e-22	D	TBX3-TARGET-GENES
1.72006730324695e-24	0.00260084839221225	1	1	8.9099486308192e-22	D	CHAF1A-TARGET-GENES
5.69130674293312e-24	0.00336482001451893	1	1	2.94809689283936e-21	D	ZNF433-TARGET-GENES
8.51314492220338e-24	0.00198346811579186	1	1	4.40980906970135e-21	D	TP73-TARGET-GENES
1.19737752526197e-23	0.00371422050912901	1	1	6.20241558085698e-21	D	CAVIN1-TARGET-GENES
1.67503480828738e-23	0.00408249240802194	1	1	8.67668030692864e-21	D	CDX1-TARGET-GENES
5.67770335961333e-23	0.00212216967169054	1	1	2.94105034027971e-20	D	GLI4-TARGET-GENES
7.5954037981285e-23	0.00221997302005295	1	1	3.93441916743056e-20	D	CREB3L4-TARGET-GENES
1.11740582051385e-22	0.0028153191298475	1	1	5.78816215026176e-20	D	ASH1L-TARGET-GENES
1.88607227634873e-22	0.00292043460491009	1	1	9.7698543914864e-20	D	BANP-TARGET-GENES
2.22420100973724e-22	0.00243824469709858	1	1	1.15213612304389e-19	D	SUMO1-TARGET-GENES
2.38387981008245e-22	0.00407573411093703	1	1	1.23484974162271e-19	D	NPAT-TARGET-GENES
6.58865073731237e-22	0.0105007589857722	1	1	3.41292108192781e-19	D	NR2E3-TARGET-GENES
1.01846944405779e-21	0.00261797226122051	1	1	5.27567172021936e-19	D	DBP-TARGET-GENES
2.20499723504669e-21	0.00224028835017775	1	1	1.14218856775419e-18	D	ZNF146-TARGET-GENES
2.34439733887636e-21	0.0118347902720577	1	1	1.21439782153796e-18	D	ZNF445-TARGET-GENES
2.66025545996352e-21	0.002434235316775	1	1	1.3780123282611e-18	D	ZBTB1-TARGET-GENES
2.83794187244965e-21	0.00256759477836199	1	1	1.47005388992892e-18	D	MORC2-TARGET-GENES
3.57297896778142e-21	0.00262868737034644	1	1	1.85080310531078e-18	D	KLF7-TARGET-GENES
5.00088312484925e-21	0.0115048039835531	1	1	2.59045745867191e-18	D	ZNF774-TARGET-GENES
5.05569574053406e-21	0.00237047205363478	1	1	2.61885039359665e-18	D	ZNF781-TARGET-GENES
5.40644697191973e-21	0.00125968048164066	1	1	2.80053953145442e-18	D	HES2-TARGET-GENES
1.61682513301976e-20	0.00893127306054939	1	1	8.37515418904236e-18	D	ZFP37-TARGET-GENES
1.65555243419697e-20	0.00276085871431536	1	1	8.57576160914031e-18	D	HOXA10-TARGET-GENES
2.12780262929287e-20	0.0116986207049032	1	1	1.10220176197371e-17	D	ZNF776-TARGET-GENES
3.57575444918209e-20	0.00311811178808924	1	1	1.85224080467632e-17	D	TFCP2-TARGET-GENES
4.17694786805249e-20	0.00293816317566103	1	1	2.16365899565119e-17	D	ALX4-TARGET-GENES
6.83054781848073e-20	0.00205666937669036	1	1	3.53822376997302e-17	D	NKX2-2-TARGET-GENES
9.62637547645698e-20	0.00251229377937368	1	1	4.98646249680471e-17	D	AEBP2-TARGET-GENES
1.17906802590205e-19	0.00220518705290551	1	1	6.10757237417264e-17	D	SNIP1-TARGET-GENES
1.4660979600822e-19	0.00185353442095271	1	1	7.59438743322581e-17	D	ZNF449-TARGET-GENES
3.3723535664777e-19	0.00142315900912338	1	1	1.74687914743545e-16	D	ZNF680-TARGET-GENES
3.56523117932281e-19	0.00118693580573975	1	1	1.84678975088922e-16	D	ZNF92-TARGET-GENES
4.52212744372728e-19	0.00201031968713883	1	1	2.34246201585073e-16	D	ZNF322-TARGET-GENES
5.66593822506808e-19	0.00507942521812044	1	1	2.93495600058526e-16	D	TFDP2-TARGET-GENES
7.53442061794322e-19	0.00236604679347929	1	1	3.90282988009459e-16	D	ZNF711-TARGET-GENES
8.35018075092017e-19	0.00212573675902872	1	1	4.32539362897665e-16	D	ZBED4-TARGET-GENES
8.85601840811904e-19	0.00259553650498612	1	1	4.58741753540566e-16	D	RFX7-TARGET-GENES
9.29763002186192e-19	0.00166016939240698	1	1	4.81617235132447e-16	D	ZNF22-TARGET-GENES
1.21724497742012e-18	0.00233624087956447	1	1	6.30532898303624e-16	D	BARX1-TARGET-GENES
1.58381754238984e-18	0.00174830090539074	1	1	8.20417486957939e-16	D	ZNF436-TARGET-GENES
3.8752286982035e-18	0.00118472611772547	1	1	2.00736846566941e-15	D	ZNF549-TARGET-GENES
5.66430851206519e-18	0.00160865100937424	1	1	2.93411180924977e-15	D	ZNF843-TARGET-GENES
1.61616207576485e-17	0.00190563213437017	1	1	8.37171955246191e-15	D	ID2-TARGET-GENES
3.59873107575459e-17	0.00315703156626751	1	1	1.86414269724088e-14	D	DICER1-TARGET-GENES
2.18855349614538e-16	0.00197529657266093	1	1	1.13367071100331e-13	D	ZBTB7B-TARGET-GENES
6.46708777614838e-16	0.00195367893266152	1	1	3.34995146804486e-13	D	ZFHX3-TARGET-GENES
9.43814588685019e-16	0.000700847243928771	1	1	4.8889595693884e-13	D	ZNF595-TARGET-GENES
1.40589158234974e-15	0.00172415842351459	1	1	7.28251839657163e-13	D	ZNF350-TARGET-GENES
3.80251646052147e-15	0.00175840018802592	1	1	1.96970352655012e-12	D	ZBTB18-TARGET-GENES
5.36948364242474e-15	0.00162780685363112	1	1	2.78139252677602e-12	D	FOXN3-TARGET-GENES
5.92675576107895e-15	0.00193328041378416	1	1	3.0700594842389e-12	D	ID1-TARGET-GENES
1.97052297226209e-14	0.00235881586591119	1	1	1.02073089963176e-11	D	KLF14-TARGET-GENES
2.10326298365933e-14	0.00226778469549099	1	1	1.08949022553553e-11	D	GUCY1B1-TARGET-GENES
3.0392117541759e-14	0.00193374952966008	1	1	1.57431168866311e-11	D	RBM34-TARGET-GENES
4.49270801991237e-14	0.00207534164564477	1	1	2.32722275431461e-11	D	HOXB6-TARGET-GENES
4.55831494045985e-14	0.00224181991705524	1	1	2.3612071391582e-11	D	SMARCA1-TARGET-GENES
6.29571692683621e-14	0.0018267891034297	1	1	3.26118136810116e-11	D	ZNF507-TARGET-GENES
6.43524439543024e-14	0.00193499398215718	1	1	3.33345659683286e-11	D	ZBTB12-TARGET-GENES
8.44540476021738e-14	0.00132381698705891	1	1	4.3747196657926e-11	D	CBFA2T2-TARGET-GENES
8.68305169344411e-14	0.00199003234013717	1	1	4.49782077720405e-11	D	NFRKB-TARGET-GENES
9.79192681089557e-14	0.0014592668217952	1	1	5.07221808804390e-11	D	ZNF224-TARGET-GENES
1.005653930942e-13	0.00164982604264585	1	1	5.20928736227955e-11	D	BDP1-TARGET-GENES
1.07233390026905e-13	0.00247003519476741	1	1	5.55468960339367e-11	D	ZNF426-TARGET-GENES
1.89253527989992e-13	0.00195517764909864	1	1	9.80333274988157e-11	D	SNAI1-TARGET-GENES
2.78593064292508e-13	0.00174653273036407	1	1	1.44311207303519e-10	D	SIPA1-TARGET-GENES
5.53933198205454e-13	0.00141149356151715	1	1	2.86937396670425e-10	D	SFMBT1-TARGET-GENES
8.37967895090378e-13	0.0015077559334094	1	1	4.34067369656816e-10	D	PHB2-TARGET-GENES
9.24952728849352e-13	0.00171582311740792	1	1	4.79125513543964e-10	D	ELF5-TARGET-GENES
1.26233725378636e-12	0.0018231576953151	1	1	6.53890697461335e-10	D	ZNF816-TARGET-GENES
2.88345932146304e-12	0.00211377752674735	1	1	1.49363192851786e-09	D	SRPK1-TARGET-GENES
4.35839216446544e-12	0.00149282679529422	1	1	2.2576471411931e-09	D	E2F5-TARGET-GENES
4.59037533625524e-12	0.00164527556305455	1	1	2.37781442418021e-09	D	ZNF8-TARGET-GENES
6.14844729460199e-12	0.00379121412232172	1	1	3.18489569860383e-09	D	SVIL-TARGET-GENES
1.17827624936948e-11	0.00212586798563064	1	1	6.10347097173391e-09	D	TASOR-TARGET-GENES
1.44439104200871e-11	0.00197310594402972	1	1	7.48194559760510e-09	D	CIC-TARGET-GENES
1.8299961630591e-11	0.00185573762855817	1	1	9.47938012464612e-09	D	HOXD11-TARGET-GENES
2.19311104955398e-11	0.00183257376578705	1	1	1.13603152366896e-08	D	HSF2-TARGET-GENES
3.5191847328965e-11	0.00155017925685585	1	1	1.82293769164039e-08	D	ZNF584-TARGET-GENES
5.09763840122639e-11	0.00184284206067692	1	1	2.64057669183527e-08	D	SALL4-TARGET-GENES
7.11585610332478e-11	0.00180994555316044	1	1	3.68601346152224e-08	D	OVOL3-TARGET-GENES
7.69672510491494e-11	0.00130934044523001	1	1	3.98690360434594e-08	D	PCGF1-TARGET-GENES
9.20531083388136e-11	0.0023073955931826	1	1	4.76835101195055e-08	D	SQSTM1-TARGET-GENES
9.93758268463799e-11	0.0013732807367331	1	1	5.14766783064248e-08	D	AHRR-TARGET-GENES
1.614122488543e-10	0.00131861281101037	1	1	8.36115449065274e-08	D	SOX3-TARGET-GENES
1.9257705482335e-10	0.00379715064942682	1	0.998	9.97549143984953e-08	D	HMCES-TARGET-GENES
3.28990978651159e-10	0.00166689961682109	1	1	1.704173269413e-07	D	ZNF236-TARGET-GENES
4.86984433504834e-10	0.00131403419654114	1	1	2.52257936555504e-07	D	GLI3-TARGET-GENES
6.38616831378658e-10	0.0013729534481004	1	1	3.30803518654145e-07	D	KDM5D-TARGET-GENES
6.49424038124337e-10	0.00152350869255835	1	1	3.36401651748406e-07	D	EWSR1-TARGET-GENES
8.16612223832978e-10	0.00136135855499186	1	1	4.23005131945483e-07	D	GREB1-TARGET-GENES
9.1607557292272e-10	0.0022468076077295	1	1	4.74527146773969e-07	D	TBPL1-TARGET-GENES
2.10872744812761e-09	0.00327144032911697	1	1	1.0923208181301e-06	D	FOXF2-TARGET-GENES
2.50731056093275e-09	0.000595747302832239	1	1	1.29878687056316e-06	D	ZNF512-TARGET-GENES
2.88413049551907e-09	0.000905745346480247	1	1	1.49397959667888e-06	D	CBX5-TARGET-GENES
3.43293979935828e-09	0.00646116665276619	1	1	1.77826281606759e-06	D	ZNF626-TARGET-GENES
4.66451426477564e-09	0.00399163624512652	1	1	2.41621838915378e-06	D	FOXF1-TARGET-GENES
7.4039432037648e-09	0.00267053123746852	1	1	3.83524257955017e-06	D	MYF6-TARGET-GENES
9.0609463493563e-09	0.00203123040586606	1	1	4.69357020896657e-06	D	SIRT3-TARGET-GENES
1.24114743459379e-08	0.000678517327649675	1	1	6.42914371119585e-06	D	SIX1-TARGET-GENES
1.56768856587086e-08	0.00156666478096934	1	1	8.12062677121104e-06	D	PRDM12-TARGET-GENES
1.63007786160353e-08	0.0014370928937808	1	1	8.4438033231063e-06	D	TEAD2-TARGET-GENES
2.00926457536067e-08	0.00113654259274021	1	1	1.04079905003682e-05	D	ZNF85-TARGET-GENES
2.7064174527883e-08	0.00153049124548832	1	1	1.40192424054434e-05	D	PHF2-TARGET-GENES
2.70728432447725e-08	0.00133687215821227	1	1	1.40237328007922e-05	D	BRF1-TARGET-GENES
2.91045295029676e-08	0.00228952339320015	1	1	1.50761462825372e-05	D	ARHGAP35-TARGET-GENES
3.33843836846631e-08	0.00140404773993463	1	1	1.72931107486555e-05	D	ZNF140-TARGET-GENES
3.62905445361218e-08	0.000780250601937205	1	1	1.87985020697111e-05	D	MAFG-TARGET-GENES
4.21932184201755e-08	0.00132758012856005	1	1	2.18560871416509e-05	D	BCL6B-TARGET-GENES
1.06146195682916e-07	0.00140793942424022	1	1	5.49837293637504e-05	D	BAHD1-TARGET-GENES
1.12361151462801e-07	0.000472813170295128	1	1	5.82030764577308e-05	D	IRF9-TARGET-GENES
1.14127157107722e-07	0.00201472334226033	1	1	5.91178673818001e-05	D	ZNF791-TARGET-GENES
2.0550206728841e-07	0.00169251228516565	1	1	0.000106450070855396	D	ZNF622-TARGET-GENES
2.3495339018086e-07	0.00136271639131924	1	1	0.000121705856113685	D	INSM2-TARGET-GENES
2.81299396809128e-07	0.00134611714330768	1	1	0.000145713087547128	D	ARNT2-TARGET-GENES
3.28613479419981e-07	0.00101013164931335	1	1	0.00017022178233955	D	ZSCAN29-TARGET-GENES
3.35057065687262e-07	0.00101445263709982	1	1	0.000173559560026002	D	TRIP13-TARGET-GENES
3.43240142429603e-07	0.00114838511880166	1	1	0.000177798393778534	D	ZNF610-TARGET-GENES
8.62834911087565e-07	0.00195429399297864	1	1	0.000446948483943359	D	CREB3L2-TARGET-GENES
2.08848930420665e-06	0.00127067926408758	1	1	0.00108183745957904	D	DACH1-TARGET-GENES
2.61111025619018e-06	0.00157720649667176	1	1	0.00135255511270651	D	ZNF532-TARGET-GENES
3.88705151330174e-06	0.0135104716145066	1	1	0.0020134926838903	D	ZNF419-TARGET-GENES
5.59057575836057e-06	0.000907417742394279	1	1	0.00289591824283077	D	RLF-TARGET-GENES
5.60096266994726e-06	0.00072540957228362	1	1	0.00290129866303268	D	ZNF555-TARGET-GENES
7.25826925458107e-06	0.000896884252115815	1	1	0.003759783473873	D	ZNF579-TARGET-GENES
8.8346539819998e-06	0.00148542997354495	1	1	0.0045763507626759	D	ZBTB44-TARGET-GENES
1.30729404219318e-05	0.000798224672380166	1	1	0.00677178313856066	D	SRSF9-TARGET-GENES
1.64054587608398e-05	0.00142931276057207	1	1	0.008498027638115	D	SAFB2-TARGET-GENES
2.19922211417143e-05	0.00154076250997598	1	1	0.011391970551408	D	TOX4-TARGET-GENES
2.6678846431868e-05	0.00153969979040275	1	1	0.0138196424517076	D	ZNF16-TARGET-GENES
2.83426285973103e-05	0.0010251799361562	1	1	0.0146814816134067	D	MEF2D-TARGET-GENES
2.86159623156346e-05	0.00100649003720127	1	1	0.0148230684794987	D	ZNF282-TARGET-GENES
2.86666971685939e-05	0.000849278812120158	1	1	0.0148493491333316	D	ATXN7L3-TARGET-GENES
4.04868762233264e-05	0.000959029013235357	1	1	0.0209722018836831	D	ZNF404-TARGET-GENES
4.41231938418917e-05	0.00251734654022617	1	1	0.0228558144100999	D	ZNF454-TARGET-GENES
4.61679117762115e-05	0.00266302073553737	1	1	0.0239149783000776	D	ZNF501-TARGET-GENES
5.90230406754967e-05	0.000925199263087206	1	1	0.0305739350699073	D	CREB3-TARGET-GENES
0.000114758974690222	0.00105136523495208	1	1	0.0594451488895351	D	IRF5-TARGET-GENES
0.000257250010472255	0.000544898539614036	1	1	0.133255505424628	D	TAF9B-TARGET-GENES
0.00031236334852867	0.00136438135804728	1	1	0.161804214537851	D	KAT5-TARGET-GENES
0.000392459176578358	0.00043514264503472	1	1	0.203293853467589	D	ZNF486-TARGET-GENES
0.000712189273099009	0.000906413961159758	1	1	0.368914043465286	D	ZNF202-TARGET-GENES
0.00108441243610076	0.00273914073675552	1	1	0.561725641900194	D	MSX2-TARGET-GENES
0.00157630907932242	0.000535145989715768	1	1	0.816528103089016	D	ZNF394-TARGET-GENES
0.00167171786054582	0.00104809516372895	1	1	0.865949851762735	D	HOXC6-TARGET-GENES
0.00226837775001056	0.000664997452497706	1	1	1	D	MYBL1-TARGET-GENES
0.00233204971876696	0.00280589595966951	1	1	1	D	NEUROD2-TARGET-GENES
0.0029124449915663	0.000880713578715553	1	1	1	D	ZNF391-TARGET-GENES
0.00323839952080082	0.000703266549061887	1	1	1	D	HES4-TARGET-GENES
0.00335793241487916	0.000524121533133193	1	1	1	D	UBN1-TARGET-GENES
0.00483841390598304	0.00152000700024657	1	1	1	D	PAF1-TARGET-GENES
