p_val	avg_log2FC	pct.1	pct.2	p_val_adj	cluster	gene
8.50414661766596e-53	0.00898417505167454	1	1	4.40514794795097e-50	CAF	NKX6-1-TARGET-GENES
7.07107055275709e-45	0.0250846952374543	1	1	3.66281454632817e-42	CAF	ZNF530-TARGET-GENES
1.32608915713031e-30	0.00691408628720419	1	1	6.869141833935e-28	CAF	MYF6-TARGET-GENES
6.93554249047714e-22	0.00500992203633061	1	1	3.59261101006716e-19	CAF	ZNF488-TARGET-GENES
3.14923851057498e-19	0.003601215302155	1	1	1.63130554847784e-16	CAF	ZNF112-TARGET-GENES
9.62536097886338e-18	0.00434138069528933	1	1	4.98593698705123e-15	CAF	MPHOSPH8-TARGET-GENES
1.19558034718876e-17	0.00403540018433013	1	1	6.19310619843776e-15	CAF	FOXF2-TARGET-GENES
1.40759224017818e-17	0.00531727461533865	1	1	7.29132780412297e-15	CAF	FOXC1-TARGET-GENES
1.7993000358173e-17	0.00491608508909908	1	1	9.32037418553362e-15	CAF	MCM5-TARGET-GENES
2.04341547851487e-17	0.00233212094427188	1	1	1.0584892178707e-14	CAF	ZNF354C-TARGET-GENES
1.92891861045945e-14	0.00259488696902216	1	1	9.99179840217994e-12	CAF	ZNF20-TARGET-GENES
4.21138783565408e-14	0.00623718562334052	1	1	2.18149889886881e-11	CAF	SOX15-TARGET-GENES
1.16787725928937e-13	0.00354608023516506	1	1	6.04960420311894e-11	CAF	ZNF157-TARGET-GENES
6.35774709326886e-12	0.00309472243992892	1	1	3.29331299431327e-09	CAF	ZNF548-TARGET-GENES
4.87325860064031e-11	0.00102797860619963	1	1	2.52434795513168e-08	CAF	CREBL2-TARGET-GENES
5.26417521353478e-11	0.00342100065508694	1	1	2.72684276061102e-08	CAF	PAX8-TARGET-GENES
1.88423658640384e-09	0.00250945849022488	1	1	9.76034551757189e-07	CAF	HOXD1-TARGET-GENES
8.86869468846059e-07	0.00279865758280736	0.402	0.417	0.000459398384862259	CAF	GTF3C1-TARGET-GENES
3.75220589090595e-06	0.00129793129997591	1	1	0.00194364265148928	CAF	LHX3-TARGET-GENES
8.07053015008879e-06	0.000461119163865376	1	1	0.00418053461774599	CAF	NUP214-TARGET-GENES
1.22632976048666e-05	0.00110840556452652	1	1	0.00635238815932089	CAF	NR4A2-TARGET-GENES
1.35988133854585e-05	0.00259666620860335	1	1	0.00704418533366752	CAF	ZNF354A-TARGET-GENES
2.77254192303364e-05	0.00212578349554249	1	1	0.0143617671613143	CAF	SIX4-TARGET-GENES
3.67834264813396e-05	0.000694351803736781	1	1	0.0190538149173339	CAF	NEUROD2-TARGET-GENES
3.84071622468456e-05	0.000790809090860378	1	1	0.019894910043866	CAF	NME2-TARGET-GENES
5.38722430225224e-05	0.00348958082492501	1	1	0.0279058218856666	CAF	SYNCRIP-TARGET-GENES
0.000102725336487475	0.00221773828695493	1	1	0.0532117243005118	CAF	ZNF585B-TARGET-GENES
0.000153971071065377	0.00154515659248577	1	1	0.0797570148118651	CAF	LMX1B-TARGET-GENES
0.00192569429583253	0.002615709530981	1	1	0.997509645241252	CAF	CDX1-TARGET-GENES
0.00255158704610752	0.00182207968725984	1	1	1	CAF	NFE2L3-TARGET-GENES
0.00289220715573176	0.00131630346492728	1	1	1	CAF	TCOF1-TARGET-GENES
0.00474311802530692	0.00251962756301899	1	1	1	CAF	ZNF354B-TARGET-GENES
0.00514198765611626	0.00103119262096873	1	1	1	CAF	PRDM5-TARGET-GENES
0.00965858631732652	0.00116899082692934	1	1	1	CAF	ZNF547-TARGET-GENES
3.36327229705232e-60	0.0115870524452578	1	1	1.7421750498731e-57	NAF	UBE2I-TARGET-GENES
4.09009634816164e-50	0.012184015863928	1	1	2.11866990834773e-47	NAF	LAMB3-TARGET-GENES
5.18382713684357e-50	0.00415081674024892	1	1	2.68522245688497e-47	NAF	FOXJ2-TARGET-GENES
9.73144271756273e-48	0.0157464008079268	1	1	5.04088732769749e-45	NAF	HJURP-TARGET-GENES
1.2391672480291e-46	0.00528249110851059	1	1	6.41888634479072e-44	NAF	COBLL1-TARGET-GENES
2.43655737542541e-41	0.00750475425749497	1	1	1.26213672047036e-38	NAF	GTF2A2-TARGET-GENES
5.1023783134034e-40	0.00417748007146856	1	1	2.64303196634296e-37	NAF	SIPA1-TARGET-GENES
6.76555732356129e-39	0.00401658740831423	1	1	3.50455869360475e-36	NAF	WRNIP1-TARGET-GENES
3.32094940489812e-38	0.00273103176561623	1	1	1.72025179173723e-35	NAF	RLF-TARGET-GENES
3.48423792496115e-38	0.00425619389120202	1	1	1.80483524512988e-35	NAF	CIC-TARGET-GENES
1.01117112005846e-37	0.00427732621708432	1	1	5.23786640190281e-35	NAF	DBP-TARGET-GENES
1.70152086348434e-37	0.00568833439099725	1	1	8.81387807284886e-35	NAF	KDM1B-TARGET-GENES
3.52875328766803e-37	0.00365869558244791	1	1	1.82789420301204e-34	NAF	ALKBH3-TARGET-GENES
1.54099038339257e-36	0.00371345947889351	1	1	7.9823301859735e-34	NAF	PTPRA-TARGET-GENES
6.17479028366181e-36	0.00364177382762843	1	1	3.19854136693682e-33	NAF	ZNF667-TARGET-GENES
6.77279654818497e-36	0.00520353918201799	1	1	3.50830861195981e-33	NAF	ZNF830-TARGET-GENES
7.02550240516036e-36	0.00331460206846812	1	1	3.63921024587306e-33	NAF	ZBTB7B-TARGET-GENES
7.48537045471408e-36	0.00345720575576713	1	1	3.87742189554189e-33	NAF	BARX2-TARGET-GENES
9.88886209546868e-36	0.00583816208577187	1	1	5.12243056545277e-33	NAF	RUVBL1-TARGET-GENES
1.81468445974413e-35	0.00368978136411413	1	1	9.4000655014746e-33	NAF	ZBTB12-TARGET-GENES
2.60072905579062e-35	0.00317385060953024	1	1	1.34717765089954e-32	NAF	ZNF260-TARGET-GENES
1.89247531139255e-34	0.00371380866842996	1	1	9.80302211301342e-32	NAF	ZC3H11A-TARGET-GENES
2.17492406648432e-34	0.00388836922840818	1	1	1.12661066643888e-31	NAF	CDC73-TARGET-GENES
3.86465396357474e-34	0.00561788695811805	1	1	2.00189075313171e-31	NAF	GTF2E2-TARGET-GENES
4.7590163255619e-34	0.00253549715417772	1	1	2.46517045664106e-31	NAF	ID2-TARGET-GENES
1.12757050645395e-33	0.0026522683619904	1	1	5.84081522343146e-31	NAF	DIDO1-TARGET-GENES
1.48970842809314e-33	0.00553087286287246	1	1	7.71668965752246e-31	NAF	HSF2-TARGET-GENES
2.56227952917877e-33	0.00402640811089366	1	1	1.3272607961146e-30	NAF	DNMT3A-TARGET-GENES
4.22434720689218e-33	0.00303269765447511	1	1	2.18821185317015e-30	NAF	ZNF711-TARGET-GENES
5.59646223700455e-33	0.00903620965549068	1	1	2.89896743876835e-30	NAF	PSMB5-TARGET-GENES
7.44516112257676e-33	0.00697840817958606	1	1	3.85659346149476e-30	NAF	DROSHA-TARGET-GENES
2.07330335793284e-32	0.0039415290173424	1	1	1.07397113940921e-29	NAF	DLX6-TARGET-GENES
2.13771001596728e-32	0.00447373086038949	1	1	1.10733378827105e-29	NAF	NPM1-TARGET-GENES
4.43217784538605e-32	0.00332769454580117	1	1	2.29586812390998e-29	NAF	UBP1-TARGET-GENES
8.24067123206656e-32	0.00302741710660237	1	1	4.26866769821048e-29	NAF	ZSCAN31-TARGET-GENES
9.80169431673466e-32	0.00541821772383716	1	1	5.07727765606855e-29	NAF	SETD7-TARGET-GENES
1.0927164346572e-31	0.00484716051293599	1	1	5.66027113152431e-29	NAF	ZBTB5-TARGET-GENES
1.44073705176654e-31	0.0039630238478523	1	1	7.46301792815067e-29	NAF	CIITA-TARGET-GENES
1.62799946003853e-31	0.00373949988683153	1	1	8.43303720299958e-29	NAF	NFRKB-TARGET-GENES
2.99893789109867e-31	0.00437719894437055	1	1	1.55344982758911e-28	NAF	ZNF595-TARGET-GENES
3.37451982650539e-31	0.00322860459229379	1	1	1.74800127012979e-28	NAF	TEAD2-TARGET-GENES
9.56904082366827e-31	0.00352239881288796	1	1	4.95676314666016e-28	NAF	RORA-TARGET-GENES
1.0084437567735e-30	0.00336793027893778	1	1	5.22373866008675e-28	NAF	ELF2-TARGET-GENES
1.22376574690371e-30	0.003233692836209	1	1	6.3391065689612e-28	NAF	DLX4-TARGET-GENES
1.25244403507607e-30	0.00266233987525399	1	1	6.48766010169407e-28	NAF	ZNF660-TARGET-GENES
1.77908680499457e-30	0.00310294820843693	1	1	9.21566964987185e-28	NAF	BARHL1-TARGET-GENES
1.95518287693911e-30	0.00371997836174698	1	1	1.01278473025446e-27	NAF	BANP-TARGET-GENES
2.24437136417233e-30	0.00349783254759828	1	1	1.16258436664127e-27	NAF	SUPT20H-TARGET-GENES
2.65055742931291e-30	0.00324861191192616	1	1	1.37298874838409e-27	NAF	SETD1A-TARGET-GENES
3.15317321008923e-30	0.00266701325897345	1	1	1.63334372282622e-27	NAF	GLI4-TARGET-GENES
5.73538200124045e-30	0.00380490631169578	1	1	2.97092787664255e-27	NAF	ZNF37A-TARGET-GENES
6.47578057352371e-30	0.00254677750502136	1	1	3.35445433708528e-27	NAF	ID1-TARGET-GENES
9.54431954953881e-30	0.00196301838450352	1	1	4.9439575266611e-27	NAF	RYBP-TARGET-GENES
1.82376360313022e-29	0.0033525636579021	1	1	9.44709546421452e-27	NAF	ZFHX3-TARGET-GENES
2.54605213355246e-29	0.00270164733303346	1	1	1.31885500518018e-26	NAF	HOXA1-TARGET-GENES
2.97422174184034e-29	0.00264288066281265	1	1	1.5406468622733e-26	NAF	AHRR-TARGET-GENES
3.96008547887517e-29	0.00270070285975982	1	1	2.05132427805734e-26	NAF	ZNF579-TARGET-GENES
5.30820209537331e-29	0.00283176233533	1	1	2.74964868540337e-26	NAF	GLI3-TARGET-GENES
7.47350687330039e-29	0.00382805476799619	1	1	3.8712765603696e-26	NAF	ZNF101-TARGET-GENES
9.36652530941761e-29	0.00291336278351151	1	1	4.85186011027832e-26	NAF	FEV-TARGET-GENES
1.51731986227492e-28	0.00567436645997221	1	1	7.85971688658409e-26	NAF	TERT-TARGET-GENES
1.96095877061904e-28	0.00291532066325284	1	1	1.01577664318067e-25	NAF	MORC2-TARGET-GENES
2.28728386904256e-28	0.00336000967088568	1	1	1.18481304416405e-25	NAF	PRKDC-TARGET-GENES
2.36034007411515e-28	0.0028481071009207	1	1	1.22265615839165e-25	NAF	SUMO1-TARGET-GENES
2.63283430339373e-28	0.00290781851088717	1	1	1.36380816915795e-25	NAF	PITX1-TARGET-GENES
2.76849973435148e-28	0.00301830762530747	1	1	1.43408286239407e-25	NAF	INSM2-TARGET-GENES
2.82523321127472e-28	0.00216464882815953	1	1	1.46347080344031e-25	NAF	ZNF766-TARGET-GENES
3.44333707125636e-28	0.00225476282732839	1	1	1.7836486029108e-25	NAF	FOXN3-TARGET-GENES
3.7863167502996e-28	0.00247076310839223	1	1	1.96131207665519e-25	NAF	NKX2-5-TARGET-GENES
4.40221615348333e-28	0.00353373854437722	1	1	2.28034796750436e-25	NAF	ZNF581-TARGET-GENES
5.61188513695295e-28	0.0124533521842407	1	1	2.90695650094163e-25	NAF	EGFR-TARGET-GENES
6.0803777948909e-28	0.00446523381244235	1	1	3.14963569775349e-25	NAF	ZNF669-TARGET-GENES
8.12238384642085e-28	0.00369287554093289	1	1	4.207394832446e-25	NAF	ZNF250-TARGET-GENES
1.02043507616807e-27	0.00361460563017579	1	1	5.2858536945506e-25	NAF	HOXD11-TARGET-GENES
1.14878019478581e-27	0.00758415978330262	1	1	5.95068140899051e-25	NAF	CTR9-TARGET-GENES
2.54091951830704e-27	0.00337074465081327	1	1	1.31619631048305e-24	NAF	ZNF708-TARGET-GENES
3.16585878004591e-27	0.00254278288924958	1	1	1.63991484806378e-24	NAF	NKX2-2-TARGET-GENES
4.56033710042075e-27	0.00260377216556318	1	1	2.36225461801795e-24	NAF	BRCA2-TARGET-GENES
5.38149943640838e-27	0.00368622285955766	1	1	2.78761670805954e-24	NAF	MCM3-TARGET-GENES
5.90774405875439e-27	0.00195042165329634	1	1	3.06021142243477e-24	NAF	ZNF2-TARGET-GENES
6.19552138133981e-27	0.00272958292909142	1	1	3.20928007553402e-24	NAF	ARNT2-TARGET-GENES
7.7831059965746e-27	0.00213845664192691	1	1	4.03164890622564e-24	NAF	NUP153-TARGET-GENES
8.37097020353125e-27	0.00303491374572629	1	1	4.33616256542919e-24	NAF	ZNF784-TARGET-GENES
8.45393063475713e-27	0.00241008386500219	1	1	4.37913606880419e-24	NAF	ZNF30-TARGET-GENES
9.74116689235591e-27	0.0027997259589147	1	1	5.04592445024036e-24	NAF	SALL4-TARGET-GENES
1.07742278305573e-26	0.00415068929003659	1	1	5.58105001622871e-24	NAF	KAT5-TARGET-GENES
1.11282523674277e-26	0.00490292573426288	1	1	5.76443472632753e-24	NAF	ZNF707-TARGET-GENES
1.39053773364606e-26	0.00318988164834755	1	1	7.20298546028657e-24	NAF	KAT2A-TARGET-GENES
1.47008672063386e-26	0.00248157715506009	1	1	7.61504921288337e-24	NAF	ZNF8-TARGET-GENES
2.10667556242978e-26	0.00289175544145232	1	1	1.09125794133863e-23	NAF	CEBPZ-TARGET-GENES
2.14130961573094e-26	0.00809680619593361	1	1	1.10919838094863e-23	NAF	PPARGC1A-TARGET-GENES
3.52127560441263e-26	0.00455738956887886	1	1	1.82402076308574e-23	NAF	ZNF746-TARGET-GENES
3.64591674886585e-26	0.00130649638014046	1	1	1.88858487591251e-23	NAF	ZNF618-TARGET-GENES
4.40053171021616e-26	0.00299911895308225	1	1	2.27947542589197e-23	NAF	HMGB2-TARGET-GENES
5.11928350839798e-26	0.00265518445828045	1	1	2.65178885735016e-23	NAF	ZNF322-TARGET-GENES
6.2528504485629e-26	0.00337300563029191	1	1	3.23897653235558e-23	NAF	SETX-TARGET-GENES
7.36859959231022e-26	0.00217313358407312	1	1	3.81693458881669e-23	NAF	E2F2-TARGET-GENES
7.68768961316053e-26	0.00221476671308796	1	1	3.98222321961715e-23	NAF	TET1-TARGET-GENES
9.41353579025922e-26	0.00240847724458026	1	1	4.87621153935428e-23	NAF	ZBED5-TARGET-GENES
1.00485940460245e-25	0.00228464106731679	1	1	5.20517171584066e-23	NAF	ZNF362-TARGET-GENES
1.51783474417558e-25	0.00250728042076243	1	1	7.86238397482953e-23	NAF	ZNF843-TARGET-GENES
1.75319641208058e-25	0.00240436669979738	1	1	9.08155741457742e-23	NAF	ZNF610-TARGET-GENES
1.85971324975422e-25	0.00234811722013217	1	1	9.63331463372686e-23	NAF	ZNF513-TARGET-GENES
2.9722942606637e-25	0.00143576727859612	1	1	1.53964842702379e-22	NAF	PCGF2-TARGET-GENES
4.08944120355628e-25	0.00272454406869943	1	1	2.11833054344216e-22	NAF	BARX1-TARGET-GENES
5.61112046838566e-25	0.00293597385982891	1	1	2.90656040262377e-22	NAF	NFE2L1-TARGET-GENES
7.10131480611644e-25	0.0027961438475681	1	1	3.67848106956832e-22	NAF	AEBP2-TARGET-GENES
7.19816873552301e-25	0.00277845265063226	1	1	3.72865140500092e-22	NAF	ASH1L-TARGET-GENES
7.3591858504775e-25	0.00338337546459511	1	1	3.81205827054735e-22	NAF	CHAF1B-TARGET-GENES
8.90612999000386e-25	0.00318411589088452	1	1	4.613375334822e-22	NAF	NCOA4-TARGET-GENES
1.18469836320111e-24	0.00300255794184578	1	1	6.13673752138174e-22	NAF	JDP2-TARGET-GENES
1.77719398246044e-24	0.00525189827076677	1	1	9.20586482914506e-22	NAF	EPC1-TARGET-GENES
1.81255189165521e-24	0.00237253026895018	1	1	9.389018798774e-22	NAF	ZNF596-TARGET-GENES
2.3597258718399e-24	0.00252889151324048	1	1	1.22233800161307e-21	NAF	IRF5-TARGET-GENES
2.38941617679439e-24	0.00162531348127931	1	1	1.23771757957949e-21	NAF	CC2D1A-TARGET-GENES
3.13363687582285e-24	0.00374407688732536	1	1	1.62322390167624e-21	NAF	SETBP1-TARGET-GENES
3.3725152328134e-24	0.0026569167496997	1	1	1.74696289059734e-21	NAF	ATF6-TARGET-GENES
3.57653270397418e-24	0.00200114102829263	1	1	1.85264394065862e-21	NAF	ZNF407-TARGET-GENES
3.71763492600999e-24	0.00232052881074341	1	1	1.92573489167318e-21	NAF	HES4-TARGET-GENES
5.56023051979348e-24	0.00326608763230618	1	1	2.88019940925302e-21	NAF	NCOA6-TARGET-GENES
6.18360155774335e-24	0.00324353592311472	1	1	3.20310560691106e-21	NAF	CASP8AP2-TARGET-GENES
6.4319563022669e-24	0.00254919001719639	1	1	3.33175336457426e-21	NAF	ZSCAN21-TARGET-GENES
1.19631973401544e-23	0.00239178724942524	1	1	6.19693622219998e-21	NAF	ZNF391-TARGET-GENES
1.28687915266386e-23	0.00518590101797911	1	1	6.66603401079881e-21	NAF	IRX3-TARGET-GENES
1.4648731074569e-23	0.00262764258116704	1	1	7.58804269662673e-21	NAF	SNIP1-TARGET-GENES
1.83510532223084e-23	0.00233317959614138	1	1	9.50584556915578e-21	NAF	FXR1-TARGET-GENES
2.17370582815629e-23	0.0031598378079602	1	1	1.12597961898496e-20	NAF	TAF9B-TARGET-GENES
3.0712963175019e-23	0.00168998805031212	1	1	1.59093149246599e-20	NAF	ZNF563-TARGET-GENES
3.13210295391653e-23	0.00167312366998784	1	1	1.62242933012876e-20	NAF	HOXA2-TARGET-GENES
3.57685058815886e-23	0.00288741365987943	1	1	1.85280860466629e-20	NAF	ZBTB44-TARGET-GENES
3.94964671000271e-23	0.00721707369837182	1	1	2.04591699578141e-20	NAF	MCRS1-TARGET-GENES
5.65433841245664e-23	0.00161001126293348	1	1	2.92894729765254e-20	NAF	ZNF549-TARGET-GENES
6.29508808917383e-23	0.00296179549790532	1	1	3.26085563019204e-20	NAF	KLF7-TARGET-GENES
1.2281342175359e-22	0.00239662995762113	1	1	6.36173524683598e-20	NAF	ZNF175-TARGET-GENES
1.54516244171851e-22	0.00221906154943424	1	1	8.0039414481019e-20	NAF	RAG1-TARGET-GENES
1.85684383660466e-22	0.00200392781487491	1	1	9.61845107361212e-20	NAF	ADA2-TARGET-GENES
1.93304078383422e-22	0.00527472064697199	1	1	1.00131512602613e-19	NAF	ZNF622-TARGET-GENES
2.00460236230655e-22	0.00207049402461124	1	1	1.03838402367479e-19	NAF	TOP2B-TARGET-GENES
2.38630130703868e-22	0.00282506389980675	1	1	1.23610407704603e-19	NAF	CSHL1-TARGET-GENES
2.49884960581284e-22	0.00205871725333506	1	1	1.29440409581105e-19	NAF	MZF1-TARGET-GENES
2.51381863849835e-22	0.00301911759294682	1	1	1.30215805474215e-19	NAF	DYRK1A-TARGET-GENES
2.51811178216532e-22	0.00282528644125146	1	1	1.30438190316163e-19	NAF	KLF14-TARGET-GENES
2.56035207934176e-22	0.00288652498044212	1	1	1.32626237709903e-19	NAF	METTL14-TARGET-GENES
1.06910543473311e-21	0.00216260971575433	1	1	5.53796615191749e-19	NAF	FOXG1-TARGET-GENES
1.37233586591768e-21	0.00229230809173353	1	1	7.10869978545357e-19	NAF	ZNF740-TARGET-GENES
1.47548941699798e-21	0.00181068301889903	1	1	7.64303518004955e-19	NAF	HOXB4-TARGET-GENES
1.51239429009037e-21	0.00190427587809971	1	1	7.83420242266814e-19	NAF	ZNF449-TARGET-GENES
1.52447219333584e-21	0.00208882075688888	1	1	7.89676596147965e-19	NAF	HOXC6-TARGET-GENES
1.99625601658074e-21	0.00212921346644718	1	1	1.03406061658882e-18	NAF	ZNF146-TARGET-GENES
2.02140988179555e-21	0.00361511036071804	1	1	1.0470903187701e-18	NAF	METHYLCYTOSINE-DIOXYGENASE-TET-UNIPROT-A0A023HHK9-UNREVIEWED-TARGET-GENES
2.10754213708356e-21	0.00224568047183149	1	1	1.09170682700929e-18	NAF	ZNF350-TARGET-GENES
2.35865722325156e-21	0.00577859882854614	1	1	1.22178444164431e-18	NAF	FOXR2-TARGET-GENES
3.40797284787808e-21	0.00237341096378102	1	1	1.76532993520085e-18	NAF	ZNF816-TARGET-GENES
3.79290023600584e-21	0.00139989727854622	1	1	1.96472232225102e-18	NAF	ZIM3-TARGET-GENES
4.44308409791499e-21	0.00178390274281948	1	1	2.30151756271997e-18	NAF	ZSCAN29-TARGET-GENES
5.29217908939974e-21	0.00208417103357156	1	1	2.74134876830906e-18	NAF	ZSCAN5DP-TARGET-GENES
5.60711787956292e-21	0.00172950933857208	1	1	2.90448706161359e-18	NAF	ZNF423-TARGET-GENES
7.35698259708761e-21	0.00200008496912607	1	1	3.81091698529138e-18	NAF	FOXP2-TARGET-GENES
8.35732861130686e-21	0.00229077158154029	1	1	4.32909622065696e-18	NAF	OVOL3-TARGET-GENES
8.73293428447965e-21	0.00228086484555862	1	1	4.52365995936046e-18	NAF	ARID3B-TARGET-GENES
1.17614251289284e-20	0.00190442705561344	1	1	6.09241821678493e-18	NAF	HHEX-TARGET-GENES
1.56767542163304e-20	0.00218170752992697	1	1	8.12055868405913e-18	NAF	ZNF140-TARGET-GENES
1.82221861236399e-20	0.00603025404396118	1	1	9.43909241204544e-18	NAF	SOX11-TARGET-GENES
2.79666194177956e-20	0.00138764024485133	1	1	1.44867088584181e-17	NAF	KDM5D-TARGET-GENES
3.37348280007122e-20	0.00347866701533617	1	1	1.74746409043689e-17	NAF	TOX4-TARGET-GENES
3.96387966088957e-20	0.0148441360049865	1	1	2.0532896643408e-17	NAF	MDM2-TARGET-GENES
6.48644142228977e-20	0.00128801211808371	1	1	3.3599766567461e-17	NAF	ZBTB24-TARGET-GENES
8.73335893228306e-20	0.00359531757073772	1	1	4.52387992692262e-17	NAF	SNRNP70-TARGET-GENES
1.00171317283835e-19	0.00244916819713481	1	1	5.18887423530266e-17	NAF	AUTS2-TARGET-GENES
1.32751809847309e-19	0.00219843894890159	1	1	6.87654375009061e-17	NAF	SUPT16H-TARGET-GENES
1.74514220447418e-19	0.00723106683790997	1	1	9.03983661917624e-17	NAF	WIZ-TARGET-GENES
2.35182276499474e-19	0.00324472488552163	1	1	1.21824419226728e-16	NAF	ZNF236-TARGET-GENES
3.79461294860598e-19	0.00199307917096392	1	1	1.9656095073779e-16	NAF	RBM34-TARGET-GENES
3.93592979398977e-19	0.00274174242880065	1	1	2.0388116332867e-16	NAF	FOXE1-TARGET-GENES
3.98574729869634e-19	0.00143228085886937	1	1	2.0646171007247e-16	NAF	ZNF664-TARGET-GENES
5.37871634404211e-19	0.00170641701502677	1	1	2.78617506621381e-16	NAF	ARID5B-TARGET-GENES
8.10911448435391e-19	0.00162943715806951	1	1	4.20052130289533e-16	NAF	CREB3L4-TARGET-GENES
9.78612892676588e-19	0.00502495640944861	1	1	5.06921478406473e-16	NAF	BRF1-TARGET-GENES
1.0173947627263e-18	0.00273729878919515	1	1	5.27010487092222e-16	NAF	EMX1-TARGET-GENES
1.1461886208992e-18	0.00177154521475142	1	1	5.93725705625783e-16	NAF	SMN1-SMN2-TARGET-GENES
1.21767585258335e-18	0.00187054922232749	1	1	6.30756091638177e-16	NAF	TP73-TARGET-GENES
1.23862316292296e-18	0.00163806556857321	1	1	6.41606798394091e-16	NAF	ZNF329-TARGET-GENES
1.29607100501691e-18	0.00426280406862528	1	1	6.71364780598758e-16	NAF	RBM15-TARGET-GENES
1.48985032025628e-18	0.00183318557649242	1	1	7.71742465892753e-16	NAF	ZNF22-TARGET-GENES
1.7502764368876e-18	0.00210919781986374	1	1	9.06643194307779e-16	NAF	ZSCAN2-TARGET-GENES
1.80723876102309e-18	0.00245860793504149	1	1	9.36149678209963e-16	NAF	KDM7A-TARGET-GENES
1.82264164917653e-18	0.00297082723932873	1	1	9.44128374273444e-16	NAF	TASOR-TARGET-GENES
2.30094393441046e-18	0.00173517444009591	1	1	1.19188895802462e-15	NAF	BPTF-TARGET-GENES
2.42446206721108e-18	0.00145750491515095	1	1	1.25587135081534e-15	NAF	SFMBT1-TARGET-GENES
2.50688751965371e-18	0.00229658710567415	1	1	1.29856773518062e-15	NAF	RFX7-TARGET-GENES
2.68837011663206e-18	0.00347057763528225	1	1	1.39257572041541e-15	NAF	CENPT-TARGET-GENES
2.74256396093952e-18	0.00499991929238452	1	1	1.42064813176667e-15	NAF	RAX2-TARGET-GENES
3.14970794476726e-18	0.00229152250459597	1	1	1.63154871538944e-15	NAF	EWSR1-TARGET-GENES
3.15695587058369e-18	0.00249336054937999	1	1	1.63530314096235e-15	NAF	PHF2-TARGET-GENES
4.23448611040461e-18	0.00216237366052729	1	1	2.19346380518959e-15	NAF	CDC5L-TARGET-GENES
4.71529733512141e-18	0.00317779059822626	1	1	2.44252401959289e-15	NAF	WDHD1-TARGET-GENES
4.94906762760643e-18	0.0070691606003489	1	1	2.56361703110013e-15	NAF	MAPK3-TARGET-GENES
5.19624893639595e-18	0.00185777986292446	1	1	2.6916569490531e-15	NAF	NOTCH3-TARGET-GENES
5.79563647119578e-18	0.00264462418745909	1	1	3.00213969207941e-15	NAF	SNAI1-TARGET-GENES
8.79259138437157e-18	0.00481141685536485	1	1	4.55456233710447e-15	NAF	ZNF510-TARGET-GENES
1.03487851591768e-17	0.00169358892723392	1	1	5.36067071245357e-15	NAF	ZNF577-TARGET-GENES
2.00744977810159e-17	0.00470290725029909	1	1	1.03985898505662e-14	NAF	RBL1-TARGET-GENES
2.11096911256557e-17	0.00555679429300804	1	1	1.09348200030896e-14	NAF	ZNF404-TARGET-GENES
2.16569765466378e-17	0.00167347656433847	1	1	1.12183138511584e-14	NAF	ZNF184-TARGET-GENES
2.25231675884393e-17	0.00174702658912451	1	1	1.16670008108116e-14	NAF	MEF2C-TARGET-GENES
2.8023245641028e-17	0.00207180736130141	1	1	1.45160412420525e-14	NAF	ZNF490-TARGET-GENES
3.24219068136211e-17	0.00188058711624223	1	1	1.67945477294557e-14	NAF	CUX1-TARGET-GENES
3.7444680095403e-17	0.00269716083109484	1	1	1.93963442894187e-14	NAF	GUCY1B1-TARGET-GENES
4.32334511890706e-17	0.00393881835477788	1	1	2.23949277159386e-14	NAF	PGM3-TARGET-GENES
5.04033301856791e-17	0.00449100101334643	1	1	2.61089250361818e-14	NAF	ZSCAN18-TARGET-GENES
5.12669151620347e-17	0.00206930463281579	1	1	2.6556262053934e-14	NAF	DMRT1-TARGET-GENES
5.88517800983237e-17	0.00333261711373589	1	1	3.04852220909317e-14	NAF	ATXN7L3-TARGET-GENES
6.06572267913868e-17	0.00436257763176129	1	1	3.14204434779384e-14	NAF	MCM2-TARGET-GENES
6.14217488254194e-17	0.00192247970106413	1	1	3.18164658915672e-14	NAF	HOXB6-TARGET-GENES
1.14183794934015e-16	0.0154918887885409	1	1	5.91472057758198e-14	NAF	ZNF837-TARGET-GENES
1.24750804095445e-16	0.00177950315060438	1	1	6.46209165214403e-14	NAF	ZNF223-TARGET-GENES
1.33212322951499e-16	0.00130145423550831	1	1	6.90039832888767e-14	NAF	HMG20B-TARGET-GENES
2.15935238618385e-16	0.00110799838530395	1	1	1.11854453604324e-13	NAF	ZNF92-TARGET-GENES
2.78876618345094e-16	0.00141183536736822	1	1	1.44458088302759e-13	NAF	LHX9-TARGET-GENES
3.02979326686502e-16	0.00288977851271716	1	1	1.56943291223608e-13	NAF	CREB3L2-TARGET-GENES
3.68329711194984e-16	0.00414544869748601	1	1	1.90794790399002e-13	NAF	THRA-TARGET-GENES
4.00174796812501e-16	0.00144180879698208	1	1	2.07290544748875e-13	NAF	LHX2-TARGET-GENES
4.26856497440265e-16	0.00409097066208253	1	1	2.21111665674057e-13	NAF	PPARA-TARGET-GENES
5.82849555418164e-16	0.00234225145318351	1	1	3.01916069706609e-13	NAF	NR1I2-TARGET-GENES
5.87442467373129e-16	0.00366214069530685	1	1	3.04295198099281e-13	NAF	ZSCAN5B-TARGET-GENES
5.93127988009214e-16	0.0015578483585672	1	1	3.07240297788773e-13	NAF	PCGF1-TARGET-GENES
7.11297778808858e-16	0.00188795725183366	1	1	3.68452249422988e-13	NAF	ZNF561-TARGET-GENES
7.32088808266735e-16	0.0011877581327126	1	1	3.79222002682169e-13	NAF	ZFP91-TARGET-GENES
7.70539296424007e-16	0.00121591867598536	1	1	3.99139355547636e-13	NAF	SKIL-TARGET-GENES
8.70014152662412e-16	0.00192915159070045	1	1	4.50667331079129e-13	NAF	MEF2D-TARGET-GENES
9.27017400809052e-16	0.00142085068488129	1	1	4.80195013619089e-13	NAF	POU2AF1-TARGET-GENES
9.47607118515617e-16	0.00120129929405471	1	1	4.9086048739109e-13	NAF	ZNF224-TARGET-GENES
1.00818489453679e-15	0.012538734145331	1	1	5.22239775370058e-13	NAF	STN1-TARGET-GENES
1.26044656684614e-15	0.00134772286390372	1	1	6.52911321626301e-13	NAF	UBN1-TARGET-GENES
1.38826100681226e-15	0.000919922926935657	1	1	7.19119201528749e-13	NAF	NFKBIA-TARGET-GENES
1.58409637047308e-15	0.000918718632135107	1	1	8.20561919905057e-13	NAF	GCM2-TARGET-GENES
1.64711418836676e-15	0.00283097466661525	1	1	8.53205149573981e-13	NAF	HDGF-TARGET-GENES
1.74905810184999e-15	0.00295346255686635	1	1	9.06012096758297e-13	NAF	HOXA7-TARGET-GENES
2.07904192306669e-15	0.00162514040172579	1	1	1.07694371614855e-12	NAF	FOXD2-TARGET-GENES
2.13509274019873e-15	0.00169725631619644	1	1	1.10597803942294e-12	NAF	ZNF85-TARGET-GENES
2.32285786370697e-15	0.00294411842872172	1	1	1.20324037340021e-12	NAF	ZNF582-TARGET-GENES
3.19244314637453e-15	0.00231509429789029	1	1	1.65368554982201e-12	NAF	HOXA10-TARGET-GENES
3.36569391511878e-15	0.00188410859961585	1	1	1.74342944803153e-12	NAF	H1-6-TARGET-GENES
6.30509313365589e-15	0.0013096566025087	1	1	3.26603824323375e-12	NAF	PAX6-TARGET-GENES
7.32710699196804e-15	0.0012773364291343	1	1	3.79544142183944e-12	NAF	ZNF528-TARGET-GENES
7.41059263150144e-15	0.00182793776213241	1	1	3.83868698311774e-12	NAF	TBX3-TARGET-GENES
8.10749690379595e-15	0.00158967120646059	1	1	4.1996833961663e-12	NAF	CBX7-TARGET-GENES
1.41076049849438e-14	0.0022803566543555	1	1	7.30773938220087e-12	NAF	FOXO4-TARGET-GENES
1.41508123948657e-14	0.00112711735397286	1	1	7.33012082054041e-12	NAF	ZNF10-TARGET-GENES
1.51607136375609e-14	0.00155807079487474	1	1	7.85324966425652e-12	NAF	KMT2D-TARGET-GENES
2.17904300447066e-14	0.00172053762729396	1	1	1.1287442763158e-11	NAF	ZNF680-TARGET-GENES
2.19453645177308e-14	0.00155399530938383	1	1	1.13676988201846e-11	NAF	ZNF524-TARGET-GENES
2.29057082704975e-14	0.00123568293407639	1	1	1.18651568841177e-11	NAF	ZNF592-TARGET-GENES
2.33815555866977e-14	0.00148511680339752	1	1	1.21116457939094e-11	NAF	ZBTB18-TARGET-GENES
3.63860116947825e-14	0.00167597623338323	1	1	1.88479540578973e-11	NAF	ZNF318-TARGET-GENES
4.79537432529485e-14	0.00188420062191347	1	1	2.48400390050273e-11	NAF	NKX2-3-TARGET-GENES
5.59001568494679e-14	0.00347201432857008	1	1	2.89562812480244e-11	NAF	DICER1-TARGET-GENES
5.65725738317701e-14	0.004592870780045	1	1	2.93045932448569e-11	NAF	ZNF169-TARGET-GENES
5.96190001660352e-14	0.00111855478101919	1	1	3.08826420860062e-11	NAF	E2F5-TARGET-GENES
6.2660153490201e-14	0.0018180917488938	1	1	3.24579595079241e-11	NAF	ATF5-TARGET-GENES
6.4771787730956e-14	0.00207858691008911	1	1	3.35517860446352e-11	NAF	MSX1-TARGET-GENES
1.08259724638066e-13	0.00545224081041962	1	1	5.60785373625184e-11	NAF	FOXQ1-TARGET-GENES
1.2576884731665e-13	0.00103148766749966	1	1	6.51482629100245e-11	NAF	FOXH1-TARGET-GENES
1.57753704798388e-13	0.00137093369692454	1	1	8.17164190855651e-11	NAF	SAFB2-TARGET-GENES
2.00543835708411e-13	0.00127387856099598	1	1	1.03881706896957e-10	NAF	ZNF282-TARGET-GENES
2.20773886272956e-13	0.0041701803699874	1	1	1.14360873089391e-10	NAF	ZA-UNIPROT-Q9UM89-UNREVIEWED-TARGET-GENES
2.26283518107372e-13	0.00129026985896752	1	1	1.17214862379619e-10	NAF	SRSF9-TARGET-GENES
3.39653800663813e-13	0.00200971131713934	1	1	1.75940668743855e-10	NAF	SRPK1-TARGET-GENES
3.72024676232744e-13	0.000828932809938288	1	1	1.92708782288562e-10	NAF	HSD17B8-TARGET-GENES
4.38043212564758e-13	0.00249451123568811	1	1	2.26906384108545e-10	NAF	ZZZ3-TARGET-GENES
4.4726171721841e-13	0.00149056001320497	1	1	2.31681569519137e-10	NAF	HDAC4-TARGET-GENES
4.91707897662545e-13	0.000870199937084704	1	1	2.54704690989198e-10	NAF	ZSCAN30-TARGET-GENES
5.33624211883561e-13	0.00126551737475661	1	1	2.76417341755685e-10	NAF	ZNF558-TARGET-GENES
5.39276518812433e-13	0.00500115210349861	1	1	2.7934523674484e-10	NAF	ZNF529-TARGET-GENES
7.40709871916936e-13	0.00162095266912154	1	1	3.83687713652973e-10	NAF	LCORL-TARGET-GENES
7.73617006968981e-13	0.00168054763732034	1	1	4.00733609609932e-10	NAF	PHF21A-TARGET-GENES
9.78069974801062e-13	0.000797046595284401	1	1	5.0664024694695e-10	NAF	PAX3-TARGET-GENES
1.11730697041659e-12	0.00268269993540482	1	1	5.78765010675793e-10	NAF	ARHGAP35-TARGET-GENES
1.27955760354703e-12	0.000923692071907178	1	1	6.62810838637359e-10	NAF	ZNF274-TARGET-GENES
1.4602811927172e-12	0.00116662780894461	1	1	7.5642565782751e-10	NAF	NAB2-TARGET-GENES
2.63510918059039e-12	0.00141046504735909	1	1	1.36498655554582e-09	NAF	CREB3-TARGET-GENES
3.00836546890334e-12	0.00145508834444402	1	1	1.55833331289193e-09	NAF	BDP1-TARGET-GENES
3.19812909456128e-12	0.00127104717397225	1	1	1.65663087098275e-09	NAF	ZNF213-TARGET-GENES
3.27202319657828e-12	0.00188074108917669	1	1	1.69490801582755e-09	NAF	IRX2-TARGET-GENES
4.06293882109677e-12	0.00135444333092877	1	1	2.10460230932813e-09	NAF	ZFP3-TARGET-GENES
4.47824568300351e-12	0.000765392701341905	1	1	2.31973126379582e-09	NAF	ZSCAN4-TARGET-GENES
5.93000066650496e-12	0.00148652398774562	1	1	3.07174034524957e-09	NAF	SOX3-TARGET-GENES
1.32651415758562e-11	0.000734536179116452	1	1	6.87134333629351e-09	NAF	DACH1-TARGET-GENES
1.5436772061921e-11	0.0008095752167529	1	1	7.99624792807509e-09	NAF	ZNF768-TARGET-GENES
1.66943334197157e-11	0.0026441993000238	1	1	8.64766471141275e-09	NAF	ZMYM2-TARGET-GENES
1.78326629866387e-11	0.000939400431485549	1	1	9.23731942707883e-09	NAF	HMBOX1-TARGET-GENES
2.19827272649338e-11	0.00222675336598011	1	1	1.13870527232357e-08	NAF	MYBL1-TARGET-GENES
2.31821953722437e-11	0.00114153097446962	1	1	1.20083772028223e-08	NAF	ZNF197-TARGET-GENES
3.20812150818099e-11	0.00113054593974593	1	1	1.66180694123775e-08	NAF	ZNF7-TARGET-GENES
4.03817597302402e-11	0.00208733767105063	1	1	2.09177515402644e-08	NAF	HEY2-TARGET-GENES
4.3807451613745e-11	0.00620150939265141	1	1	2.26922599359199e-08	NAF	ZMYND11-TARGET-GENES
4.46485441894172e-11	0.00416922989098722	1	1	2.31279458901181e-08	NAF	ATOH8-TARGET-GENES
4.50025478996515e-11	0.00176269641420784	1	1	2.33113198120195e-08	NAF	NPAT-TARGET-GENES
4.51739718871973e-11	0.00355641780573313	1	1	2.34001174375682e-08	NAF	ZNF16-TARGET-GENES
4.76142277021603e-11	0.0010482881606983	1	1	2.4664169949719e-08	NAF	MIER1-TARGET-GENES
4.93410214201818e-11	0.00247240118129799	1	1	2.55586490956542e-08	NAF	TBX1-TARGET-GENES
8.7172051001399e-11	0.00300092912106042	1	1	4.51551224187247e-08	NAF	PCGF6-TARGET-GENES
9.12057706233916e-11	0.00109009055363762	1	1	4.72445891829168e-08	NAF	SOX10-TARGET-GENES
9.49289247545788e-11	0.00254823425741246	1	1	4.91731830228718e-08	NAF	SQSTM1-TARGET-GENES
1.22210560658459e-10	0.0107470371954987	1	1	6.33050704210816e-08	NAF	ZNF514-TARGET-GENES
1.30013780769099e-10	0.00106981950476198	1	1	6.73471384383932e-08	NAF	NFXL1-TARGET-GENES
1.39035078348139e-10	0.000888723330123464	1	1	7.2020170584336e-08	NAF	ISL1-TARGET-GENES
1.98594719505516e-10	0.00449650138180208	1	1	1.02872064703857e-07	NAF	PER1-TARGET-GENES
2.22924429795388e-10	0.00143907556244049	1	1	1.15474854634011e-07	NAF	ZBED4-TARGET-GENES
2.31250335894e-10	0.00211662525561074	1	1	1.19787673993092e-07	NAF	ZNF202-TARGET-GENES
6.33991667728638e-10	0.00332614819322191	1	1	3.28407683883435e-07	NAF	ASXL2-TARGET-GENES
6.49710437497224e-10	0.000985811660206393	1	1	3.36550006623562e-07	NAF	ZNF331-TARGET-GENES
7.37617084631637e-10	0.000892306937314347	1	1	3.82085649839188e-07	NAF	SRCAP-TARGET-GENES
9.35723676323846e-10	0.00104037641255589	1	1	4.84704864335752e-07	NAF	ZNF257-TARGET-GENES
1.11580681133873e-09	0.00203177205636701	1	1	5.7798792827346e-07	NAF	HOXC13-TARGET-GENES
1.17100963705978e-09	0.0013702339209728	1	1	6.06582991996969e-07	NAF	ELF5-TARGET-GENES
1.24899682538698e-09	0.00584070885325849	1	1	6.46980355550455e-07	NAF	NKX2-8-TARGET-GENES
1.72928973099187e-09	0.000560465278417466	1	1	8.95772080653789e-07	NAF	MAML1-TARGET-GENES
1.72975403202332e-09	0.00102261641338525	1	1	8.9601258858808e-07	NAF	ZNF507-TARGET-GENES
1.98096042538186e-09	0.00107811814588399	1	1	1.0261375003478e-06	NAF	ZNF33A-TARGET-GENES
3.0401505935613e-09	0.000779590619768677	1	1	1.57479800746476e-06	NAF	ZNF597-TARGET-GENES
3.39867839005757e-09	0.00155264291433815	1	1	1.76051540604982e-06	NAF	DNMT1-TARGET-GENES
3.94270275546393e-09	0.000674777492955192	1	1	2.04232002733031e-06	NAF	MAFG-TARGET-GENES
6.78105255017049e-09	0.000766880664770597	1	1	3.51258522098832e-06	NAF	ZNF410-TARGET-GENES
7.35851760414252e-09	0.00201016322139042	1	1	3.81171211894583e-06	NAF	SKP2-TARGET-GENES
8.14158693465948e-09	0.0010431778602355	1	1	4.21734203215361e-06	NAF	TAZ-TARGET-GENES
8.78373497548582e-09	0.00201176889000759	1	1	4.54997471730165e-06	NAF	NR1D1-TARGET-GENES
1.01616689250905e-08	0.000741083064665859	1	1	5.26374450319689e-06	NAF	GREB1-TARGET-GENES
1.28833356120465e-08	0.00290061745538817	1	1	6.67356784704007e-06	NAF	PSIP1-TARGET-GENES
2.02564671088715e-08	0.00143757404534695	1	1	1.04928499623955e-05	NAF	TSHZ1-TARGET-GENES
2.38016780694605e-08	0.000512346002749187	1	1	1.23292692399805e-05	NAF	CBFA2T2-TARGET-GENES
2.51360655549909e-08	0.00629601755831888	1	1	1.30204819574853e-05	NAF	MSX2-TARGET-GENES
2.68119722215678e-08	0.00213284141114634	1	1	1.38886016107721e-05	NAF	SIRT3-TARGET-GENES
4.00800339014446e-08	0.00118562175032982	1	1	2.07614575609483e-05	NAF	NR0B1-TARGET-GENES
4.32733705881939e-08	0.00152337867133179	1	1	2.24156059646845e-05	NAF	ZNF677-TARGET-GENES
4.38720691245938e-08	0.000744828450173263	1	1	2.27257318065396e-05	NAF	ZNF589-TARGET-GENES
5.41925864106505e-08	0.00255422744755301	1	1	2.8071759760717e-05	NAF	TFCP2-TARGET-GENES
6.50915266119458e-08	0.00361544662794311	1	1	3.37174107849879e-05	NAF	ILK-TARGET-GENES
8.18752166180646e-08	0.00511765226587434	1	1	4.24113622081575e-05	NAF	VRTN-TARGET-GENES
9.54925107530313e-08	0.00276327861100634	1	1	4.94651205700702e-05	NAF	RUVBL2-TARGET-GENES
1.33438410153586e-07	0.00308269864865024	1	1	6.91210964595576e-05	NAF	PGBD5-TARGET-GENES
1.51247461737182e-07	0.00280024337286755	1	1	7.83461851798603e-05	NAF	HOXB7-TARGET-GENES
2.24062861289514e-07	0.0047493623939685	1	1	0.000116064562147968	NAF	NEUROG3-TARGET-GENES
3.91592381383297e-07	0.00204384988596773	1	1	0.000202844853556548	NAF	ZFP82-TARGET-GENES
4.12805217815455e-07	0.00314077028260726	1	1	0.000213833102828405	NAF	TDRD3-TARGET-GENES
4.21916786476846e-07	0.00132986711825867	1	1	0.000218552895395006	NAF	TERF2-TARGET-GENES
4.80817732091534e-07	0.00254364834075071	1	1	0.000249063585223415	NAF	CDH4-TARGET-GENES
4.82237045983984e-07	0.000250170589455145	1	1	0.000249798789819704	NAF	IRF9-TARGET-GENES
5.29012423683255e-07	0.000376535220792062	1	1	0.000274028435467926	NAF	HMGB1-TARGET-GENES
8.13458571107218e-07	0.00118908600636247	1	1	0.000421371539833539	NAF	SNAPC4-TARGET-GENES
1.22222957590989e-06	0.00504181531236751	1	1	0.000633114920321324	NAF	BRF2-TARGET-GENES
1.33399024875696e-06	0.000293696515013375	1	1	0.000691006948856105	NAF	ZNF436-TARGET-GENES
1.4933936885189e-06	0.00171557971330827	1	1	0.000773577930652793	NAF	HOXA13-TARGET-GENES
1.55835486304255e-06	0.00201625512243103	1	1	0.000807227819056041	NAF	ZNF419-TARGET-GENES
1.92568513417868e-06	0.00187428851955829	1	1	0.000997504899504556	NAF	SMARCA1-TARGET-GENES
2.18628614710696e-06	0.00127285050605502	1	1	0.00113249622420141	NAF	ZNF426-TARGET-GENES
2.28850548414438e-06	0.0023572825486578	1	1	0.00118544584078679	NAF	LMNB2-TARGET-GENES
2.57450363171635e-06	8.84150325347055e-05	1	1	0.00133359288122907	NAF	ADCYAP1-TARGET-GENES
2.92576527811265e-06	0.0003329720332928	1	1	0.00151554641406235	NAF	HBZ-TARGET-GENES
2.95752290237961e-06	0.000708339234787192	1	1	0.00153199686343264	NAF	ZNF394-TARGET-GENES
3.09246195132395e-06	0.000312927108147398	1	1	0.00160189529078581	NAF	TFEB-TARGET-GENES
5.30517118100073e-06	0.00436473726504649	1	1	0.00274807867175838	NAF	ZFP36L1-TARGET-GENES
5.56991137204923e-06	0.000432318289658229	1	1	0.0028852140907215	NAF	PBRM1-TARGET-GENES
6.29018586606476e-06	0.00131479605778162	1	1	0.00325831627862155	NAF	BCL6B-TARGET-GENES
6.35499648413097e-06	0.000482000473289279	1	1	0.00329188817877984	NAF	NCOA2-TARGET-GENES
6.70518445191867e-06	0.000524805190198097	1	1	0.00347328554609387	NAF	ZNF654-TARGET-GENES
9.27148421851424e-06	0.00688993579323705	1	1	0.00480262882519037	NAF	MAP2K1-TARGET-GENES
9.32208217153913e-06	0.00176431771852448	1	1	0.00482883856485727	NAF	ZNF34-TARGET-GENES
9.73255466618595e-06	0.000271303069098394	1	1	0.00504146331708432	NAF	HMGA1-TARGET-GENES
1.03901536037652e-05	0.000830799997993292	1	1	0.00538209956675037	NAF	MNX1-TARGET-GENES
1.40073550674525e-05	0.00588521335319786	1	1	0.00725580992494041	NAF	ZNF626-TARGET-GENES
1.44775572648385e-05	0.000568949321075762	1	1	0.00749937466318632	NAF	EBNA1BP2-TARGET-GENES
1.45549770351262e-05	0.00523417929717196	1	1	0.00753947810419539	NAF	CARM1-TARGET-GENES
3.29418782924153e-05	0.00254673599636679	1	1	0.0170638929554711	NAF	RPA1-TARGET-GENES
4.48181068128872e-05	0.000465833216314826	1	1	0.0232157793290756	NAF	GLI1-TARGET-GENES
4.67761925707903e-05	0.000927243083513968	1	1	0.0242300677516694	NAF	ZNF697-TARGET-GENES
8.6945859246239e-05	0.000627469352265209	1	1	0.0450379550895518	NAF	ZNF491-TARGET-GENES
9.7387914678261e-05	0.00112706905695648	1	1	0.0504469398033392	NAF	ZBTB1-TARGET-GENES
9.94692946206959e-05	0.000293797208130997	1	1	0.0515250946135205	NAF	MYOCD-TARGET-GENES
0.000105195537319582	0.000774351442674293	1	1	0.0544912883315433	NAF	PHB2-TARGET-GENES
0.00010593044378417	2.16393372502455e-05	1	1	0.0548719698802003	NAF	ZNF134-TARGET-GENES
0.000121793981334771	0.00404182409884374	1	1	0.0630892823314116	NAF	HSF4-TARGET-GENES
0.000153836644124567	0.00184892151581406	1	1	0.0796873816565257	NAF	ERCC8-TARGET-GENES
0.000217572707324647	0.00893441868370035	0.999	0.993	0.112702662394167	NAF	HMCES-TARGET-GENES
0.00030103846835036	0.0011438225724234	1	1	0.155937926605486	NAF	ZNF704-TARGET-GENES
0.000334236826612562	0.0004348385778849	1	1	0.173134676185307	NAF	PBXIP1-TARGET-GENES
0.000340299844376479	0.000126537919120651	1	1	0.176275319387016	NAF	HES2-TARGET-GENES
0.000416869598578895	0.000545212149031971	1	1	0.215938452063868	NAF	CHAMP1-TARGET-GENES
0.00045651174170602	0.000576939411496835	1	1	0.236473082203719	NAF	HDAC8-TARGET-GENES
0.000569559237095678	0.000769507332327168	1	1	0.295031684815561	NAF	ZNF584-TARGET-GENES
0.000595262675073182	0.000336886926175672	1	1	0.308346065687908	NAF	LMTK3-TARGET-GENES
0.000619463390169257	0.00113808604378762	1	1	0.320882036107675	NAF	YBX1-TARGET-GENES
0.000700217000659483	0.000847516142099547	1	1	0.362712406341612	NAF	CHAF1A-TARGET-GENES
0.000896592276993096	0.00191342529540522	1	1	0.464434799482424	NAF	ZNF418-TARGET-GENES
0.00092333310449314	0.00132279599905788	1	1	0.478286548127447	NAF	ZNF532-TARGET-GENES
0.000954354307205394	0.00130194977988363	1	1	0.494355531132394	NAF	YBX3-TARGET-GENES
0.000978288520730791	0.000537687290447564	1	1	0.50675345373855	NAF	MXD1-TARGET-GENES
0.00116025684245154	0.00304259490978565	1	1	0.6010130443899	NAF	SVIL-TARGET-GENES
0.0012404925282327	0.000822979186426265	1	1	0.642575129624536	NAF	ZNF512B-TARGET-GENES
0.00139140460149585	0.00777651781495114	1	1	0.720747583574852	NAF	ZBTB49-TARGET-GENES
0.0015560674197045	0.00148272707302022	1	1	0.806042923406933	NAF	ZNF560-TARGET-GENES
0.00162188865048282	0.00127056675615533	1	1	0.840138320950099	NAF	ZSCAN23-TARGET-GENES
0.00169956139446353	0.000252196765022888	1	1	0.88037280233211	NAF	SIGMAR1-TARGET-GENES
0.00312396074662829	0.00157540685032548	1	1	1	NAF	MED16-TARGET-GENES
0.00395949417423896	0.000415316122664988	1	1	1	NAF	ZSCAN5C-TARGET-GENES
0.00472450673646451	0.00089762134450988	1	1	1	NAF	ALX4-TARGET-GENES
0.00497125803455623	0.0053622569352996	1	1	1	NAF	ZNF416-TARGET-GENES
0.00596632495359421	0.00216249349384795	1	1	1	NAF	WRN-TARGET-GENES
0.00790268148667039	0.000605240662942153	1	1	1	NAF	ZNF239-TARGET-GENES
